# adv_ligo_design_equivalent_noise
# Frequency [Hz], Frequency noise [Hz/rtHz]
4.044001150410106504e+01 2.517785699452234448e-06
4.092969659573131480e+01 2.713790151053073094e-06
4.142531124771642226e+01 2.554835698546311460e-06
4.192692726066174913e+01 2.433810040576418090e-06
4.243461730460079195e+01 2.349860762464027847e-06
4.294845492952309485e+01 2.712347212183606259e-06
4.346851457602957680e+01 2.501519845186449305e-06
4.399487158611687931e+01 2.368247762588923667e-06
4.452760221409221231e+01 2.385413063816496686e-06
4.506678363762053152e+01 2.229444808872220856e-06
4.561249396890544006e+01 2.353317502192677281e-06
4.616481226600541277e+01 2.402832783430730349e-06
4.672381854428699910e+01 2.335586953061257982e-06
4.728959378801695124e+01 2.278957941801469260e-06
4.786221996209442153e+01 2.158268170822937925e-06
4.844178002392549587e+01 2.376381782877307606e-06
4.902835793544123533e+01 2.348494643193143618e-06
4.962203867526157808e+01 2.475847106803722527e-06
5.022290825100616019e+01 3.545913280291212157e-06
5.083105371175456355e+01 2.198554190146765461e-06
5.144656316065712787e+01 2.112327405520128919e-06
5.206952576769876373e+01 2.166758976367804575e-06
5.270003178261701038e+01 2.172149104773156174e-06
5.333817254797687468e+01 2.087905044358633361e-06
5.398404051240357404e+01 2.162616009768323470e-06
5.463772924397592590e+01 2.355380572671507573e-06
5.529933344378166993e+01 2.062837810436477465e-06
5.596894895963692562e+01 2.128754513028443273e-06
5.664667279997186000e+01 2.231154643236887400e-06
5.733260314788458345e+01 2.225935493453086865e-06
5.802683937536504288e+01 2.177896621092628411e-06
5.872948205769115759e+01 2.154601746864049274e-06
5.944063298799939332e+01 2.369067743375864825e-06
6.016039519203181385e+01 3.069662716159546999e-06
6.088887294306152143e+01 2.277657050252741153e-06
6.162617177699887350e+01 2.099137874258273374e-06
6.237239850768069971e+01 2.239591081660091779e-06
6.312766124234472187e+01 2.183285940071477035e-06
6.389206939729114509e+01 2.208271641417771510e-06
6.466573371373395673e+01 2.162959245638744317e-06
6.544876627384427081e+01 2.220084951327038863e-06
6.624128051698794195e+01 2.176424546454965036e-06
6.704339125615965145e+01 2.195762630644824134e-06
6.785521469461608035e+01 2.144212350827099148e-06
6.867686844271038638e+01 2.128470868283304383e-06
6.950847153493101871e+01 2.196416179385223576e-06
7.035014444714595072e+01 2.168025121885672263e-06
7.120200911405655120e+01 2.180495596470305127e-06
7.206418894686244414e+01 2.173013383061762827e-06
7.293680885114032719e+01 2.168647864706307596e-06
7.381999524493915033e+01 2.217466607368807506e-06
7.471387607709461065e+01 2.240424014546643138e-06
7.561858084576542183e+01 2.233971712778430480e-06
7.653424061719387339e+01 2.269082399084775088e-06
7.746098804469356480e+01 2.305505442728350753e-06
7.839895738786717061e+01 2.328567694099559775e-06
7.934828453205703624e+01 2.358525560034541075e-06
8.030910700803097768e+01 2.305483161601986740e-06
8.128156401190656766e+01 2.301776645705708902e-06
8.226579642531682168e+01 2.339363774777381941e-06
8.326194683582006917e+01 2.377561453144995675e-06
8.427015955755676657e+01 2.377863279674214107e-06
8.529058065215646423e+01 2.451067972356337860e-06
8.632335794989813849e+01 2.416405299971578677e-06
8.736864107112671718e+01 2.431795470132019861e-06
8.842658144792873998e+01 2.475192906173695042e-06
8.949733234607052168e+01 2.481197495851972819e-06
9.058104888720215797e+01 2.477909730925778594e-06
9.167788807133035789e+01 2.505671673428284896e-06
9.278800879956322945e+01 2.503938430721340599e-06
9.391157189713045739e+01 2.535095651397024336e-06
9.504874013668259636e+01 2.568591765821568116e-06
9.619967826187212268e+01 2.604634098274798068e-06
9.736455301122003902e+01 2.630685809516317560e-06
9.854353314227174110e+01 2.616645564400892830e-06
9.973678945604522994e+01 2.592106144460325961e-06
1.009444948217753932e+02 2.640346916644284479e-06
1.021668242019576667e+02 2.674957504647041074e-06
1.034039546776953102e+02 2.699028566632631526e-06
1.046560654743538237e+02 2.709636272317792930e-06
1.059233379875249597e+02 2.705075022120935944e-06
1.072059558093063600e+02 2.775606782145309333e-06
1.085041047548986910e+02 2.779514351348926639e-06
1.098179728895249525e+02 2.803385842983822643e-06
1.111477505556762964e+02 2.814871264658813212e-06
1.124936304006865981e+02 2.833939172425835112e-06
1.138558074046419648e+02 2.873943051837724182e-06
1.152344789086282049e+02 2.872808441658070342e-06
1.166298446433193305e+02 2.902683040923578533e-06
1.180421067579133307e+02 2.942164175642983273e-06
1.194714698494178009e+02 2.970694345184502748e-06
1.209181409922901764e+02 2.973439330782207326e-06
1.223823297684374438e+02 3.017556054125246271e-06
1.238642482975779444e+02 3.032964419071037064e-06
1.253641112679719498e+02 3.056881031250904521e-06
1.268821359675242206e+02 3.078770090430512319e-06
1.284185423152622718e+02 3.108176711340283691e-06
1.299735528931968815e+02 3.148967441275645903e-06
1.315473929785677001e+02 3.168048575048709174e-06
1.331402905764800835e+02 3.201007775090546839e-06
1.347524764529359516e+02 3.230406528956389544e-06
1.363841841682654490e+02 3.273364833155784274e-06
1.380356501109638998e+02 3.295657299451636546e-06
1.397071135319368409e+02 3.328460677933488709e-06
1.413988165791614620e+02 3.346897636996073463e-06
1.431110043327667256e+02 3.385790009700413574e-06
1.448439248405385342e+02 3.410819542521913298e-06
1.465978291538554004e+02 3.421461376208281857e-06
1.483729713640578893e+02 3.465125492566729640e-06
1.501696086392596783e+02 3.470067362282290256e-06
1.519880012616044951e+02 3.569007645084677184e-06
1.538284126649727170e+02 3.662953474539401502e-06
1.556911094731461560e+02 3.673250267560276887e-06
1.575763615384340994e+02 3.709158851143200571e-06
1.594844419807673148e+02 3.732154866960734409e-06
1.614156272272659294e+02 3.774089050750590924e-06
1.633701970522849933e+02 3.848926701820286915e-06
1.653484346179465092e+02 3.887171256156822799e-06
1.673506265151619345e+02 3.932066060122972381e-06
1.693770628051503593e+02 3.984586843866467864e-06
1.714280370614607136e+02 4.014557992092239921e-06
1.735038464125021846e+02 4.357171664952733441e-06
1.756047915845896341e+02 4.788876321180434939e-06
1.777311769455110380e+02 4.207341878560306382e-06
1.798833105486205284e+02 4.191899154180184816e-06
1.820615041774681231e+02 4.337673173288188540e-06
1.842660733909671649e+02 4.340924553490483575e-06
1.864973375691104991e+02 4.412396126138941376e-06
1.887556199592395956e+02 4.515373795384563038e-06
1.910412477228740045e+02 4.550236208628938185e-06
1.933545519831074841e+02 4.642218698731318991e-06
1.956958678725793561e+02 4.759964357361456425e-06
1.980655345820243269e+02 4.823928028254037163e-06
2.004638954094133396e+02 4.926475821864392498e-06
2.028912978096862219e+02 4.962356037927544909e-06
2.053480934450891482e+02 5.024604215209482125e-06
2.078346382361202132e+02 5.124710692642637614e-06
2.103512924130921533e+02 5.280610361457863336e-06
2.128984205683204038e+02 5.383350954256798956e-06
2.154763917089407528e+02 5.420128331241004124e-06
2.180855793103698943e+02 5.521514961229729680e-06
2.207263613704098191e+02 5.686221439218248445e-06
2.233991204640100534e+02 5.726405663477263077e-06
2.261042437986917264e+02 5.778225601739928189e-06
2.288421232706430715e+02 5.889076667347496361e-06
2.316131555214938373e+02 5.953911950016010843e-06
2.344177419957784707e+02 6.024122341959809556e-06
2.372562889990925612e+02 6.176969844318950877e-06
2.401292077569567880e+02 6.286313002653207038e-06
2.430369144743904428e+02 6.401554257968199551e-06
2.459798303962086266e+02 6.550203554935268751e-06
2.489583818680485763e+02 6.672164777723531165e-06
2.519730003981351558e+02 6.802917672210467635e-06
2.550241227197940077e+02 6.912655981578716832e-06
2.581121908547228259e+02 7.022917374755287262e-06
2.612376521770262343e+02 7.103954732919072029e-06
2.644009594780296197e+02 7.271605243514087627e-06
2.676025710318739925e+02 7.311241019406085612e-06
2.708429506619081621e+02 6.940928629789670491e-06
2.741225678078835131e+02 6.557260638380175948e-06
2.774418975939618690e+02 6.444700142331701686e-06
2.808014208975494057e+02 6.547492041558817096e-06
2.842016244189595682e+02 6.639720720491604289e-06
2.876430007519251717e+02 6.754694725567028549e-06
2.911260484549587204e+02 6.808612030992429684e-06
2.946512721235812364e+02 6.880616590672449363e-06
2.982191824634232376e+02 6.969687138421077955e-06
3.018302963642116765e+02 7.015325124867386792e-06
3.054851369746526188e+02 7.086339846422631472e-06
3.091842337782216532e+02 7.135407028388544163e-06
3.129281226698693672e+02 7.260346193007418242e-06
3.167173460336595099e+02 7.275012002435856827e-06
3.205524528213432518e+02 7.347898453309683490e-06
3.244339986318880733e+02 7.387190207571847956e-06
3.283625457919678183e+02 7.466948373370202166e-06
3.323386634374284654e+02 7.549749990868118324e-06
3.363629275957391087e+02 7.619776948975926059e-06
3.404359212694436678e+02 7.664660753384059882e-06
3.445582345206191803e+02 7.738315707356381915e-06
3.487304645563619374e+02 7.811917974869021807e-06
3.529532158153033379e+02 7.917633013689750381e-06
3.572271000551776297e+02 7.959180154496665148e-06
3.615527364414480758e+02 8.055006696601721726e-06
3.659307516370062672e+02 8.125183912477968647e-06
3.703617798929579976e+02 8.169158210441854195e-06
3.748464631405091154e+02 8.247712397316655440e-06
3.793854510839627778e+02 8.341444426434706932e-06
3.839794012948423756e+02 8.406409768481829992e-06
3.886289793071565555e+02 8.494938004107465589e-06
3.933348587138155494e+02 8.552314584781039566e-06
3.980977212642161476e+02 8.695791376043982910e-06
4.029182569630074227e+02 8.786312269733227703e-06
4.077971641700548275e+02 8.868981255773455852e-06
4.127351497016095436e+02 8.998556076254012506e-06
4.177329289327101378e+02 9.103194182967867920e-06
4.227912259008168121e+02 9.245229910976921519e-06
4.279107734107060992e+02 9.198539068499171710e-06
4.330923131406329389e+02 8.984655253276001369e-06
4.383365957497792920e+02 8.941627061555423945e-06
4.436443809870026485e+02 8.996575617222899617e-06
4.490164378009044412e+02 9.093885003242386310e-06
4.544535444512256390e+02 9.234329013444239072e-06
4.599564886215983393e+02 9.371359708259196874e-06
4.655260675336558052e+02 9.508188726993608452e-06
4.711630880625291979e+02 9.617209972876035541e-06
4.768683668537407812e+02 9.778233768417943342e-06
4.826427304415124695e+02 9.868583523173205847e-06
4.884870153685072296e+02 9.999074189287004386e-06
4.944020683070224322e+02 1.016237376327552468e-05
5.003887461816453310e+02 1.026926649991518501e-05
5.064479162934011924e+02 1.042949840708590999e-05
5.125804564453975445e+02 1.046444596753052353e-05
5.187872550699946714e+02 1.061357903825436981e-05
5.250692113575145186e+02 1.072525121365105704e-05
5.314272353865071636e+02 1.082758781597634084e-05
5.378622482555978195e+02 1.095033930810106784e-05
5.443751822169239176e+02 1.108044425415085366e-05
5.509669808111974589e+02 1.116287625902234034e-05
5.576385990043926313e+02 1.128121658273894042e-05
5.643910033260963246e+02 1.138491723345058953e-05
5.712251720095302971e+02 1.151012168773723686e-05
5.781420951332695495e+02 1.163931219292529949e-05
5.851427747646765738e+02 1.174956877190008053e-05
5.922282251050744435e+02 1.187030820138961407e-05
5.993994726366726127e+02 1.279498011764601602e-05
6.066575562712793044e+02 1.201647442697549168e-05
6.140035275008069675e+02 1.213949025052007101e-05
6.214384505496059319e+02 1.233770649627963639e-05
6.289634025286402448e+02 1.250022943769460104e-05
6.365794735915302454e+02 1.253894514983981084e-05
6.442877670924847280e+02 1.275006249591569780e-05
6.520893997461487288e+02 1.282818286575917302e-05
6.599855017893791000e+02 1.287600993113792975e-05
6.679772171449892539e+02 1.295619517776362764e-05
6.760657035874672829e+02 1.315621130014626845e-05
6.842521329107065640e+02 1.331306422002282825e-05
6.925376910977661282e+02 1.345482643487003358e-05
7.009235784926844417e+02 1.354772856426619257e-05
7.094110099743791125e+02 1.371686172681102577e-05
7.180012151326433241e+02 1.388079776932610176e-05
7.266954384462844700e+02 1.390045226554297279e-05
7.354949394634089685e+02 1.406841202232492231e-05
7.444009929838985045e+02 1.433505406684905165e-05
7.534148892440915688e+02 1.441277319403543589e-05
7.625379341037025824e+02 1.460410619117365677e-05
7.717714492350033879e+02 1.471965435205121783e-05
7.811167723142991690e+02 1.489675751848936364e-05
7.905752572157152827e+02 1.507500995412077672e-05
8.001482742073410463e+02 1.515228942406098757e-05
8.098372101497377571e+02 1.536094978381919482e-05
8.196434686968589176e+02 1.542933582745581073e-05
8.295684704993997229e+02 1.563183621747132171e-05
8.396136534106083218e+02 1.586564417755914575e-05
8.497804726945906850e+02 1.605356841445516999e-05
8.600704012371396630e+02 1.607243973463517390e-05
8.704849297591096047e+02 1.636400617523801584e-05
8.810255670323861068e+02 1.645312708783784578e-05
8.916938400984585087e+02 1.665973702817118450e-05
9.024912944896491354e+02 1.686262211923571699e-05
9.134194944530162275e+02 1.703672867954910121e-05
9.244800231769690981e+02 1.718475210642127427e-05
9.356744830206271217e+02 1.740884022140141334e-05
9.470044957459585930e+02 1.757320572132964960e-05
9.584717027527273103e+02 1.776819838365351233e-05
9.700777653162824663e+02 1.795689416134320618e-05
9.818243648282339109e+02 1.820082158296742515e-05
9.937132030400377971e+02 1.800567488081635656e-05
1.005746002309531491e+03 1.834300280713818589e-05
1.017924505850454807e+03 1.879997433615121705e-05
1.030250477984995996e+03 1.899173597092655117e-05
1.042725704399385222e+03 1.924123873839649805e-05
1.055351992402598626e+03 1.934905839154575974e-05
1.068131171188179451e+03 1.956975536068430868e-05
1.081065092099240019e+03 1.977387404925759446e-05
1.094155628896669441e+03 2.001652448597294556e-05
1.107404678030587093e+03 2.025590417001179916e-05
1.120814158915085727e+03 2.042522280945770755e-05
1.134386014206303344e+03 2.065415757949317808e-05
1.148122210083851996e+03 2.090751178985098227e-05
1.162024736535671764e+03 2.111577389900340062e-05
1.176095607646314193e+03 2.133065184778014370e-05
1.190336861888732756e+03 2.162506156492361380e-05
1.204750562419598282e+03 2.186944016382033986e-05
1.219338797378191884e+03 2.212519745532528281e-05
1.234103680188916996e+03 2.235180328336388469e-05
1.249047349867479625e+03 2.258036692879537933e-05
1.264171971330762744e+03 2.285458679932385857e-05
1.279479735710472369e+03 2.307749380367033021e-05
1.294972860670560749e+03 2.330334609253935930e-05
1.310653590728509926e+03 2.356690306079760363e-05
1.326524197580497230e+03 2.384965532794282555e-05
1.342586980430497988e+03 2.414041646838505965e-05
1.358844266323382726e+03 2.439139146752739788e-05
1.375298410482028430e+03 2.467815091166571857e-05
1.391951796648537083e+03 2.491208777344824338e-05
1.408806837429562393e+03 2.522142154799719745e-05
1.425865974645833376e+03 2.547785349329609160e-05
1.443131679685905283e+03 2.573578077102771911e-05
1.460606453864193099e+03 2.562837404504193819e-05
1.478292828783341065e+03 2.632720119203423812e-05
1.496193366700985280e+03 2.684583747365541079e-05
1.514310660900943958e+03 2.685813631346915153e-05
1.532647336068921277e+03 2.722513129420969045e-05
1.551206048672741417e+03 2.748669592551161565e-05
1.569989487347201248e+03 2.781606433172074610e-05
1.589000373283576437e+03 2.815795725985314311e-05
1.608241460623845569e+03 2.842183145816726435e-05
1.627715536859685699e+03 2.873860281255017675e-05
1.647425423236308234e+03 2.911982827016346096e-05
1.667373975161166754e+03 2.943592741441288305e-05
1.687564082617637496e+03 2.968956194822611452e-05
1.707998670583685907e+03 3.003907363039024200e-05
1.728680699455619560e+03 3.037163281203486716e-05
1.749613165476964468e+03 3.071290875133497229e-05
1.770799101172537121e+03 3.104821950160477708e-05
1.792241575787767715e+03 3.134003745741304083e-05
1.813943695733361892e+03 3.173195169436743518e-05
1.835908605035310302e+03 3.208032125465320084e-05
1.858139485790384697e+03 3.242121627734381934e-05
1.880639558627129873e+03 3.273866622530570799e-05
1.903412083172441498e+03 3.317416251676761252e-05
1.926460358523795776e+03 3.344138266131926472e-05
1.949787723727194134e+03 3.385017102953137401e-05
1.973397558260894129e+03 3.415575399553445247e-05
1.997293282525016366e+03 3.476517515433031312e-05
2.021478358337039708e+03 3.501111657477070456e-05
2.045956289433337361e+03 3.519666591822485918e-05
2.070730621976766088e+03 3.559421889376632457e-05
2.095804945070404756e+03 3.593205136881032934e-05
2.121182891277514045e+03 3.620661150956920365e-05
2.146868137147794187e+03 3.666044707893661390e-05
2.172864403750006204e+03 3.680561701484585019e-05
2.199175457211070807e+03 3.728346659543210008e-05
2.225805109261644702e+03 3.770480832332659139e-05
2.252757217788353955e+03 3.819144287115524265e-05
2.280035687392685759e+03 3.857725950901970825e-05
2.307644469956655485e+03 3.887589712030505517e-05
2.335587565215325412e+03 3.927922041960923565e-05
2.363869021336246533e+03 3.966588258251578600e-05
2.392492935505944388e+03 3.981168063202197751e-05
2.421463454523457131e+03 4.065113405863612765e-05
2.450784775401108163e+03 4.105236402356120571e-05
2.480461145972532449e+03 4.160497516317924782e-05
2.510496865508064730e+03 4.190188058032997154e-05
2.540896285337585141e+03 4.243827335584226406e-05
2.571663809480904547e+03 4.283094713436469284e-05
2.602803895285775525e+03 4.321744325125710591e-05
2.634321054073659980e+03 4.367078960016299786e-05
2.666219851793259295e+03 4.417480131438947721e-05
2.698504909682014386e+03 4.458862043911792944e-05
2.731180904935585204e+03 4.503582140430690899e-05
2.764252571385447482e+03 4.527806753555132515e-05
2.797724700184689027e+03 4.578260024845087506e-05
2.831602140502114707e+03 4.607628623578902875e-05
2.865889800224747887e+03 4.649198693849466003e-05
2.900592646668868838e+03 4.733946866796128714e-05
2.935715707299602855e+03 4.783718568644507087e-05
2.971264070459282721e+03 4.836902036311020915e-05
3.007242886104600075e+03 4.880798512535981559e-05
3.043657366552689837e+03 4.916152848119940050e-05
3.080512787236245458e+03 4.969693613553369477e-05
3.117814487467785057e+03 5.007982017621073317e-05
3.155567871213156650e+03 5.056205658455848525e-05
3.193778407874448931e+03 5.090739528891253623e-05
3.232451633082314402e+03 5.127398217855840245e-05
3.271593149497951345e+03 5.178282129373031013e-05
3.311208627624765995e+03 5.197042351444193948e-05
3.351303806629869086e+03 5.223241170002327938e-05
3.391884495175518623e+03 5.288563109179959321e-05
3.432956572260624853e+03 5.338727170146673396e-05
3.474525988072479322e+03 5.438113219223252243e-05
3.516598764848728933e+03 5.507506408686946845e-05
3.559180997749854669e+03 5.565951143840879825e-05
3.602278855742182259e+03 5.608547667421063778e-05
3.645898582491592151e+03 5.657036516414840603e-05
3.690046497268050643e+03 5.695080435495887496e-05
3.734728995861093608e+03 5.742460330161168897e-05
3.779952551506390137e+03 5.789158988633440498e-05
3.825723715823560269e+03 5.819295096752856775e-05
3.872049119765276828e+03 5.868767736380844452e-05
3.918935474577931927e+03 5.913663732044308763e-05
3.966389572773902728e+03 5.958609989176318430e-05
4.014418289115591961e+03 6.043799284192976804e-05
4.063028581611390109e+03 6.022543974997594915e-05
4.112227492523692490e+03 6.033911089315151992e-05
4.162022149389119477e+03 6.120771796871872365e-05
4.212419766051125407e+03 6.164955019398290820e-05
4.263427643705034825e+03 6.194356249672099493e-05
4.315053171955812104e+03 6.230213786743911842e-05
4.367303829888596738e+03 6.272015687892362518e-05
4.420187187152214392e+03 6.297342874381399252e-05
4.473710905055807416e+03 6.333347790288937937e-05
4.527882737678729427e+03 6.368482553266732683e-05
4.582710532993932247e+03 6.393111135513378121e-05
4.638202234004861566e+03 6.418265537475575640e-05
4.694365879896209663e+03 6.446120206753714634e-05
4.751209607198558842e+03 6.481393915151674500e-05
4.808741650967133864e+03 6.502957639785135425e-05
4.866970345974832526e+03 6.524402088423181755e-05
4.925904127919696293e+03 6.543513697441957202e-05
4.985551534646997425e+03 6.569644476172624360e-05
5.045921207386171773e+03 6.602141226707717659e-05
5.107021892002629102e+03 6.959424543719867982e-05
5.168862440264823817e+03 7.474853575939046182e-05
5.231451811126616121e+03 1.002148492259744808e-04
5.294799072025170972e+03 7.406265345226939630e-05
5.358913400194576752e+03 6.917395566356584363e-05
5.423804083995367364e+03 6.830960549782374102e-05
5.489480524260130551e+03 6.794214571611671162e-05
5.555952235655471668e+03 6.786208215613921365e-05
5.623228848060352902e+03 6.791226234938616230e-05
5.691320107961234498e+03 6.785483555202763677e-05
5.760235879864057097e+03 6.773996592101564024e-05
5.829986147723331669e+03 6.754605962489180918e-05
5.900581016388528951e+03 6.745869492066439176e-05
5.972030713067979377e+03 6.740033399123450202e-05
6.044345588810556364e+03 6.656767405286253192e-05
6.117536120005176599e+03 6.663546929689236412e-05
6.191612909898582075e+03 6.644124532651911894e-05
6.266586690131442083e+03 6.611203596885509835e-05
6.342468322293066194e+03 6.563423528554861478e-05
6.419268799494937412e+03 6.529503326755479856e-05
6.496999247963311973e+03 6.480488079941131041e-05
6.575670928651075883e+03 6.432793728772921043e-05
6.655295238869198329e+03 6.360158702133714159e-05
6.735883713937797438e+03 6.292730480760442484e-05
6.817448028857340432e+03 6.230606959698847380e-05
6.899999999999998181e+03 6.158948876694386547e-05
