# cosmic_explorer_noise_requirement
# Frequency [Hz], Frequency noise [Hz/rtHz]
1.000000000000000000e+00 7.000005142330525721e-07
1.023340212191641951e+00 7.000005385177967605e-07
1.047225189888434826e+00 7.000005639493916898e-07
1.071667648032863518e+00 7.000005905819975996e-07
1.096680598336868373e+00 7.000006184723323455e-07
1.122277356208507770e+00 7.000006476797922070e-07
1.148471547840289375e+00 7.000006782665785193e-07
1.175277117462945276e+00 7.000007102978301278e-07
1.202708334768511689e+00 7.000007438417623013e-07
1.230779802506665188e+00 7.000007789698111518e-07
1.259506464258357994e+00 7.000008157567869467e-07
1.288903612390892794e+00 7.000008542810328221e-07
1.318986896198670156e+00 7.000008946245909070e-07
1.349772330233942386e+00 7.000009368733788238e-07
1.381276302832009639e+00 7.000009811173710590e-07
1.413515584835395522e+00 7.000010274507912402e-07
1.446507338521646702e+00 7.000010759723125645e-07
1.480269126739509167e+00 7.000011267852684989e-07
1.514818922258345912e+00 7.000011799978719492e-07
1.550175117335770070e+00 7.000012357234462888e-07
1.586356533508590516e+00 7.000012940806667628e-07
1.623382431612278687e+00 7.000013551938129041e-07
1.661272522034292987e+00 7.000014191930331247e-07
1.700046975206717548e+00 7.000014862146224377e-07
1.739726432343801532e+00 7.000015564013121413e-07
1.780332016430113962e+00 7.000016299025741164e-07
1.821885343465166729e+00 7.000017068749387812e-07
1.864408533970486337e+00 7.000017874823289278e-07
1.907924224765265686e+00 7.000018718964085944e-07
1.952455581016861119e+00 7.000019602969481363e-07
1.998026308572550258e+00 7.000020528722080374e-07
2.044660666579116715e+00 7.000021498193390279e-07
2.092383480396977635e+00 7.000022513448022124e-07
2.141220154815729249e+00 7.000023576648088915e-07
2.191196687578149227e+00 7.000024690057809247e-07
2.242339683219845892e+00 7.000025856048323743e-07
2.294676367231936354e+00 7.000027077102755016e-07
2.348234600554276241e+00 7.000028355821483625e-07
2.403042894406968610e+00 7.000029694927697202e-07
2.459130425468044834e+00 7.000031097273180981e-07
2.516527051405391457e+00 7.000032565844397373e-07
2.575263326771200845e+00 7.000034103768835543e-07
2.635370519267394407e+00 7.000035714321687083e-07
2.696880626390693259e+00 7.000037400932803330e-07
2.759826392466180334e+00 7.000039167194016909e-07
2.824241326078435144e+00 7.000041016866771382e-07
2.890159717909509762e+00 7.000042953890151118e-07
2.957616658993253989e+00 7.000044982389251039e-07
3.026648059395691703e+00 7.000047106683978352e-07
3.097290667331408898e+00 7.000049331298235443e-07
3.169582088726115909e+00 7.000051660969565466e-07
3.243560807235811527e+00 7.000054100659235209e-07
3.319266204733188896e+00 7.000056655562800777e-07
3.396738582272207818e+00 7.000059331121175128e-07
3.476019181541978309e+00 7.000062133032203846e-07
3.557150206821385829e+00 7.000065067262810527e-07
3.640174847446140394e+00 7.000068140061695925e-07
3.725137300800211548e+00 7.000071357972645895e-07
3.812082795843889205e+00 7.000074727848468267e-07
3.901057617190992310e+00 7.000078256865575569e-07
3.992109129748051544e+00 7.000081952539279275e-07
4.085285803928562665e+00 7.000085822739783894e-07
4.180637241455757547e+00 7.000089875708948703e-07
4.278214201767616132e+00 7.000094120077835088e-07
4.378068629038168957e+00 7.000098564885090337e-07
4.480253679829490743e+00 7.000103219596186931e-07
4.584823751389095925e+00 7.000108094123581936e-07
4.691834510607797881e+00 7.000113198847818703e-07
4.801342923653452388e+00 7.000118544639637609e-07
4.913407286296362919e+00 7.000124142883112760e-07
5.028087254942478879e+00 7.000130005499900430e-07
5.145443878390927317e+00 7.000136144974617221e-07
5.265539630332757071e+00 7.000142574381418904e-07
5.388438442608223689e+00 7.000149307411849799e-07
5.514205739240300552e+00 7.000156358403978594e-07
5.642908471262539472e+00 7.000163742372935999e-07
5.774615152359821479e+00 7.000171475042881770e-07
5.909395895340971094e+00 7.000179572880475213e-07
6.047322449462647853e+00 7.000188053129945531e-07
6.188468238624386331e+00 7.000196933849795871e-07
6.332908400455115050e+00 7.000206233951249096e-07
6.480719826311969634e+00 7.000215973238516791e-07
6.631981202212672066e+00 7.000226172450948676e-07
6.786773050723296841e+00 7.000236853307195849e-07
6.945177773823695944e+00 7.000248038551438668e-07
7.107279696773416866e+00 7.000259752001804212e-07
7.273165113001457627e+00 7.000272018601079200e-07
7.442922330043759693e+00 7.000284864469792494e-07
7.616641716552892127e+00 7.000298316961825978e-07
7.794415750404948717e+00 7.000312404722639615e-07
7.976339067929276716e+00 7.000327157750241925e-07
8.162508514287228678e+00 7.000342607459042514e-07
8.353023195026777259e+00 7.000358786746728499e-07
8.547984528840409268e+00 7.000375730064261191e-07
8.747496301554416931e+00 7.000393473489221738e-07
8.951664721378302048e+00 7.000412054802588310e-07
9.160598475443707756e+00 7.000431513569136467e-07
9.374408787662995124e+00 7.000451891221650111e-07
9.593209477938243523e+00 7.000473231149088094e-07
9.817117022752192668e+00 7.000495578788919273e-07
1.004625061717340806e+01 7.000518981723812382e-07
1.028073223830865324e+01 7.000543489782882942e-07
1.052068671023622848e+01 7.000569155147723781e-07
1.076624177045493269e+01 7.000596032463428824e-07
1.101752813788386831e+01 7.000624178954858949e-07
1.127467958244946722e+01 7.000653654548383917e-07
1.153783299629660775e+01 7.000684521999376713e-07
1.180712846666189719e+01 7.000716847025710171e-07
1.208270935044776628e+01 7.000750698447556587e-07
1.236472235053714996e+01 7.000786148333763486e-07
1.265331759388942956e+01 7.000823272155158107e-07
1.294864871145904317e+01 7.000862148945042157e-07
1.325087291997953187e+01 7.000902861467290783e-07
1.356015110565633286e+01 7.000945496392343795e-07
1.387664790981308549e+01 7.000990144481505201e-07
1.420053181653682373e+01 7.001036900779932261e-07
1.453197524236896143e+01 7.001085864818702605e-07
1.487115462808953836e+01 7.001137140826423178e-07
1.521825053264386263e+01 7.001190837950781241e-07
1.557344772926134269e+01 7.001247070490564691e-07
1.593693530381774437e+01 7.001305958138573114e-07
1.630890675549332514e+01 7.001367626236008244e-07
1.668956009978024113e+01 7.001432206038804422e-07
1.707909797389427808e+01 7.001499834996523715e-07
1.747772774464680978e+01 7.001570657044377944e-07
1.788566161883461803e+01 7.001644822908974749e-07
1.830311675620611922e+01 7.001722490428481224e-07
1.873031538506437599e+01 7.001803824887827674e-07
1.916748492056814968e+01 7.001888999369693719e-07
1.961485808579430312e+01 7.001978195121997771e-07
2.007267303562569438e+01 7.002071601942670223e-07
2.054117348353064187e+01 7.002169418582511843e-07
2.102060883130158331e+01 7.002271853166998189e-07
2.151123430182166274e+01 7.002379123637900349e-07
2.201331107493031425e+01 7.002491458215657990e-07
2.252710642645980244e+01 7.002609095883467165e-07
2.305289387051708516e+01 7.002732286894108822e-07
2.359095330508635158e+01 7.002861293300575776e-07
2.414157116103018907e+01 7.002996389511582322e-07
2.470504055456825299e+01 7.003137862873174119e-07
2.528166144331499154e+01 7.003286014277592409e-07
2.587174078595922566e+01 7.003441158800710782e-07
2.647559270567066747e+01 7.003603626369327731e-07
2.709353865732051503e+01 7.003773762459765542e-07
2.772590759860482379e+01 7.003951928829159373e-07
2.837303616516213012e+01 7.004138504281014096e-07
2.903526884977813793e+01 7.004333885466578992e-07
2.971295818577334202e+01 7.004538487723730127e-07
3.040646493467066946e+01 7.004752745955079880e-07
3.111615827824361347e+01 7.004977115547129444e-07
3.184241601504653119e+01 7.005212073332366975e-07
3.258562476153224452e+01 7.005458118596310348e-07
3.334618015786364253e+01 7.005715774131533786e-07
3.412448707852889385e+01 7.005985587340864742e-07
3.492095984787271590e+01 7.006268131392033807e-07
3.573602246065786403e+01 7.006564006426091084e-07
3.657010880777491479e+01 7.006873840822117435e-07
3.742366290721980704e+01 7.007198292520770637e-07
3.829713914046281076e+01 7.007538050409369536e-07
3.919100249433404315e+01 7.007893835771351654e-07
4.010572880855495725e+01 7.008266403803012734e-07
4.104180502904709016e+01 7.008656545200613547e-07
4.199972946715303834e+01 7.009065087821047281e-07
4.298001206490796022e+01 7.009492898419420691e-07
4.398317466650223651e+01 7.009940884467017624e-07
4.500975129608046643e+01 7.010409996053298792e-07
4.606028844202400307e+01 7.010901227875715577e-07
4.713534534786909802e+01 7.011415621321307261e-07
4.823549431001467269e+01 7.011954266644214153e-07
4.936132098237916921e+01 7.012518305243360826e-07
5.051342468816763898e+01 7.013108932044863346e-07
5.169241873891598260e+01 7.013727397993768316e-07
5.289893076098150715e+01 7.014375012660000568e-07
5.413360302965378423e+01 7.015053146963618612e-07
5.539709281106403438e+01 7.015763236024601930e-07
5.669007271207433973e+01 7.016506782142692766e-07
5.801323103833378525e+01 7.017285357912983420e-07
5.936727216069122903e+01 7.018100609483189915e-07
6.075291689016074059e+01 7.018954259958808090e-07
6.217090286163826818e+01 7.019848112962531333e-07
6.362198492657488913e+01 7.020784056354634221e-07
6.510693555481458361e+01 7.021764066121220087e-07
6.662654524581149929e+01 7.022790210437542892e-07
6.818162294944478674e+01 7.023864653913845631e-07
6.977299649665533821e+01 7.024989662031456110e-07
7.140151304013399169e+01 7.026167605777171017e-07
7.306803950529499048e+01 7.027400966484209089e-07
7.477346305177587737e+01 7.028692340888368889e-07
7.651869154570822218e+01 7.030044446408261733e-07
7.830465404301186538e+01 7.031460126658855605e-07
8.013230128396887153e+01 7.032942357207811543e-07
8.200260619934130091e+01 7.034494251584471953e-07
8.391656442830156948e+01 7.036119067551607006e-07
8.587519484845171291e+01 7.037820213650393755e-07
8.787954011821319966e+01 7.039601256029392693e-07
8.993066723187618550e+01 7.041465925568596703e-07
9.202966808760415063e+01 7.043418125309952414e-07
9.417766006869518947e+01 7.045461938206062074e-07
9.637578663841088655e+01 7.047601635199065215e-07
9.862521794868779068e+01 7.049841683642005386e-07
1.009271514630570863e+02 7.052186756075285802e-07
1.032828125941028503e+02 7.054641739371046463e-07
1.056934553557988323e+02 7.057211744258627741e-07
1.081603630310709434e+02 7.059902115244464400e-07
1.106848488549411940e+02 7.062718440940013370e-07
1.132682567136153722e+02 7.065666564811525123e-07
1.159119618598885779e+02 7.068752596365602897e-07
1.186173716452478004e+02 7.071982922784698416e-07
1.213859262690627645e+02 7.075364221026746727e-07
1.242190995452617415e+02 7.078903470403261362e-07
1.271183996869028903e+02 7.082607965650172909e-07
1.300853701090570667e+02 7.086485330505767161e-07
1.331215902504307564e+02 7.090543531809903219e-07
1.362286764141646813e+02 7.094790894138612526e-07
1.394082826282577230e+02 7.099236114987946904e-07
1.426621015260736840e+02 7.103888280520695843e-07
1.459918652473978682e+02 7.108756881889185745e-07
1.493993463605257830e+02 7.113851832146952335e-07
1.528863588058729590e+02 7.119183483761531187e-07
1.564547588616095766e+02 7.124762646739954831e-07
1.601064461318317740e+02 7.130600607377763510e-07
1.638433645577984805e+02 7.136709147641476939e-07
1.676675034527699211e+02 7.143100565193429387e-07
1.715808985610004811e+02 7.149787694066734305e-07
1.755856331414468912e+02 7.156783925996813839e-07
1.796838390767719318e+02 7.164103232414456840e-07
1.838776980082326986e+02 7.171760187103774442e-07
1.881694424970555701e+02 7.179769989526527051e-07
1.925613572129198587e+02 7.188148488812375928e-07
1.970557801501798281e+02 7.196912208412354165e-07
2.016551038724746547e+02 7.206078371410484366e-07
2.063617767863858603e+02 7.215664926485842471e-07
2.111783044448244482e+02 7.225690574514540139e-07
2.161072508808376540e+02 7.236174795798059415e-07
2.211512399725488649e+02 7.247137877901105946e-07
2.263129568399529603e+02 7.258600944078607500e-07
2.315951492743152187e+02 7.270585982267841215e-07
2.370006292009327922e+02 7.283115874617663386e-07
2.425322741760352869e+02 7.296214427522676764e-07
2.481930289186255152e+02 7.309906402125834605e-07
2.539859068780723987e+02 7.324217545248417310e-07
2.599139918382932706e+02 7.339174620701545526e-07
2.659804395593758386e+02 7.354805440928575024e-07
2.721884794575179853e+02 7.371138898922666108e-07
2.785414163241766232e+02 7.388205000358724358e-07
2.850426320853434845e+02 7.406034895873726727e-07
2.916955876018795948e+02 7.424660913424252568e-07
2.985038245118729492e+02 7.444116590644911459e-07
3.054709671159968138e+02 7.464436707126239370e-07
3.126007243068703474e+02 7.485657316525680639e-07
3.198968915434537621e+02 7.507815778420644174e-07
3.273633528715244552e+02 7.530950789808033516e-07
3.350040829913132825e+02 7.555102416150684161e-07
3.428231493733970865e+02 7.580312121867453752e-07
3.508247144239792306e+02 7.606622800160600049e-07
3.590130377007068319e+02 7.634078802071620944e-07
3.673924781802074335e+02 7.662725964654988003e-07
3.759674965785467293e+02 7.692611638158236256e-07
3.847426577258501652e+02 7.723784712096947031e-07
3.937226329963479543e+02 7.756295640114071227e-07
4.029122027951347604e+02 7.790196463515250092e-07
4.123162591029752093e+02 7.825540833375131064e-07
4.219398080805024165e+02 7.862384031114225869e-07
4.317879727332021389e+02 7.900782987451968344e-07
4.418659956385941427e+02 7.940796299648925576e-07
4.521792417370701855e+02 7.982484246960107232e-07
4.627332011878688718e+02 8.025908804231658068e-07
4.735334922917116387e+02 8.071133653585134278e-07
4.845858644816495939e+02 8.118224194146955913e-07
4.958962013837211771e+02 8.167247549795545974e-07
5.074705239490465942e+02 8.218272574914874764e-07
5.193149936590211837e+02 8.271369858160706129e-07
5.314359158053241572e+02 8.326611724264680220e-07
5.438397428464795667e+02 8.384072233921064136e-07
5.565330778427645555e+02 8.443827181821771008e-07
5.695226779712825191e+02 8.505954092926450416e-07
5.828154581230845679e+02 8.570532217076322345e-07
5.964184945842459911e+02 8.637642522082249635e-07
6.103390288028621171e+02 8.707367685439383560e-07
6.245844712439618434e+02 8.779792084842069832e-07
6.391624053343998639e+02 8.855001787693494831e-07
6.540805914998252319e+02 8.933084539824170255e-07
6.693469712958660693e+02 9.014129753651690475e-07
6.849696716357447031e+02 9.098228496031075111e-07
7.009570091165618351e+02 9.185473476059745580e-07
7.173174944465612271e+02 9.275959033113940695e-07
7.340598369757211685e+02 9.369781125403581011e-07
7.511929493320968731e+02 9.467037319340385388e-07
7.687259521663728492e+02 9.567826780018831083e-07
7.866681790071581872e+02 9.672250263111664160e-07
8.050291812295980662e+02 9.780410108480607152e-07
8.238187331399601590e+02 9.892410235799111956e-07
8.430468371788966806e+02 1.000835614247708888e-06
8.627237292461450124e+02 1.012835490416769493e-06
8.828598841495149827e+02 1.025251517812398984e-06
9.034660211810524970e+02 1.038094720965807688e-06
9.245531098233570901e+02 1.051376284193811463e-06
9.461323755890769007e+02 1.065107552933908299e-06
9.682153059967085937e+02 1.079300035454218669e-06
9.908136566858665901e+02 1.093965404955503668e-06
1.013939457675291692e+03 1.109115502080126574e-06
1.037605019766911710e+03 1.124762337840363491e-06
1.061822941099383570e+03 1.140918096976018652e-06
1.086606113854596742e+03 1.157595141748811634e-06
1.111967731120699000e+03 1.174806016178553033e-06
1.137921293915315118e+03 1.192563450723773349e-06
1.164480618372685512e+03 1.210880367407175258e-06
1.191659843098558667e+03 1.229769885384128157e-06
1.219473436696738190e+03 1.249245326950417691e-06
1.247936205471311496e+03 1.269320223983631676e-06
1.277063301308643304e+03 1.290008324810901331e-06
1.306870229743346272e+03 1.311323601494274223e-06
1.337372858212496340e+03 1.333280257523717365e-06
1.368587424502517706e+03 1.355892735906755145e-06
1.400530545393219654e+03 1.379175727642876835e-06
1.433219225503573853e+03 1.403144180570242828e-06
1.466670866343968555e+03 1.427813308571824433e-06
1.500903275579735009e+03 1.453198601127860070e-06
1.535934676510896907e+03 1.479315833201507139e-06
1.571783717773162834e+03 1.506181075444677832e-06
1.608469483265355166e+03 1.533810704711384969e-06
1.646011502308549780e+03 1.562221414866332821e-06
1.684429760042315138e+03 1.591430227877061092e-06
1.723744708063619782e+03 1.621454505178672800e-06
1.763977275314043482e+03 1.652311959300893118e-06
1.805148879221108245e+03 1.684020665748132313e-06
1.847281437099634104e+03 1.716599075124084753e-06
1.890397377819221447e+03 1.750066025493435106e-06
1.934519653744044263e+03 1.784440754974197413e-06
1.979671752951332564e+03 1.819742914555291028e-06
2.025877711735017101e+03 1.855992581134956678e-06
2.073162127401229100e+03 1.893210270776717483e-06
2.121550171362450328e+03 1.931416952180581840e-06
2.171067602537264975e+03 1.970634060368215514e-06
2.221740781062884707e+03 2.010883510581844075e-06
2.273596682327715371e+03 2.052187712397559063e-06
2.326662911331457963e+03 2.094569584054696750e-06
2.380967717380358408e+03 2.138052567003783172e-06
2.436540009125465986e+03 2.182660640676489881e-06
2.493409369951878034e+03 2.228418337481768671e-06
2.551606073727183684e+03 2.275350758033175898e-06
2.611161100917459407e+03 2.323483586613063213e-06
2.672106155079432483e+03 2.372843106880061569e-06
2.734473679737579914e+03 2.423456217826888028e-06
2.798296875655115855e+03 2.475350449996080869e-06
2.863609718508115748e+03 2.528553981961916087e-06
2.930446976972141329e+03 2.583095657087176748e-06
2.998844231231027607e+03 2.639005000564022285e-06
3.068837891917642082e+03 2.696312236748580024e-06
3.140465219496752070e+03 2.755048306799373354e-06
3.213764344100275594e+03 2.815244886630051632e-06
3.288774285825510105e+03 2.876934405187263855e-06
3.365534975507094259e+03 2.940150063064837451e-06
3.444087275973819942e+03 3.004925851465814003e-06
3.524473003801584127e+03 3.071296571524109771e-06
3.606734951574027946e+03 3.139297853997891951e-06
3.690916910662778264e+03 3.208966179347065745e-06
3.777063694539364406e+03 3.280338898207454069e-06
3.865221162631261905e+03 3.353454252274577397e-06
3.955436244734701631e+03 3.428351395610086117e-06
4.047756965997322368e+03 3.505070416384258567e-06
4.142232472483893616e+03 3.583652359068077910e-06
4.238913057338778344e+03 3.664139247088726233e-06
4.337850187558989091e+03 3.746574105962467265e-06
4.439096531392166071e+03 3.831000986919217323e-06
4.542705986374043277e+03 3.917464991033257829e-06
4.648733708020256927e+03 4.006012293874739259e-06
4.757236139187889421e+03 4.096690170696987638e-06
4.868271040122278464e+03 4.189547022174707296e-06
4.981897519205160279e+03 4.284632400708526361e-06
5.098176064420425064e+03 4.381997037311482690e-06
5.217168575554349445e+03 4.481692869093422734e-06
5.338938397147349860e+03 4.583773067359409504e-06
5.463550352214875602e+03 4.688292066338624594e-06
5.591070776755293082e+03 4.795305592560393207e-06
5.721567555063245891e+03 4.904870694894418547e-06
5.855110155867238063e+03 5.017045775272470298e-06
5.991769669310619065e+03 5.131890620109070960e-06
6.131618844795774748e+03 5.249466432439189636e-06
6.274732129711574999e+03 5.369835864791096055e-06
6.421185709064758157e+03 5.493063052812999363e-06
6.571057546036270651e+03 5.619213649672340222e-06
6.724427423484249630e+03 5.748354861247090884e-06
6.881376986415662941e+03 5.880555482128636511e-06
7.041989785449288320e+03 6.015885932456387783e-06
7.206351321293052024e+03 6.154418295604403620e-06
7.374549090259546574e+03 6.296226356741031283e-06
7.546672630843886509e+03 6.441385642282762545e-06
7.722813571388642231e+03 6.589973460263960327e-06
7.903065678861347806e+03 6.742068941644720071e-06
8.087524908770448747e+03 6.897753082579390128e-06
8.276289456246344344e+03 7.057108787668917543e-06
8.469459808314584734e+03 7.220220914220513358e-06
8.667138797389232423e+03 7.387176317538808389e-06
8.869431656014703549e+03 7.558063897273080363e-06
9.076446072885357353e+03 7.732974644845690655e-06
9.288292250172498825e+03 7.912001691987356774e-06
9.505082962189502723e+03 8.095240360405645655e-06
9.726933615426169126e+03 8.282788212613423524e-06
9.953962309984233798e+03 8.474745103944646049e-06
1.018628990244686429e+04 8.671213235785656017e-06
1.042404007021555844e+04 8.872297210050582685e-06
1.066733937734857136e+04 9.078104084930033228e-06
1.091631734193614830e+04 9.288743431943271347e-06
1.117110650504824116e+04 9.504327394324333842e-06
1.143184250129150314e+04 9.724970746773484688e-06
1.169866413101305807e+04 9.950790956606048152e-06
1.197171343418965625e+04 1.018190824633145705e-05
1.225113576604117770e+04 1.041844565769582485e-05
1.253707987440919715e+04 1.066052911722262260e-05
1.282969797894147450e+04 1.090828750328633643e-05
1.312914585212465317e+04 1.116185271475502485e-05
1.343558290220826348e+04 1.142135974123848806e-05
1.374917225806420538e+04 1.168694673497962175e-05
1.407008085602683605e+04 1.195875508442727209e-05
1.439847952876006639e+04 1.223692948953012598e-05
1.473454309619834385e+04 1.252161803879139315e-05
1.507845045861051040e+04 1.281297228812595066e-05
1.543038469183564484e+04 1.311114734156166948e-05
1.579053314474175750e+04 1.341630193382809319e-05
1.615908753895919108e+04 1.372859851487657370e-05
1.653624407094178605e+04 1.404820333637682447e-05
1.692220351641035450e+04 1.437528654023629352e-05
1.731717133723352890e+04 1.471002224918904114e-05
1.772135779080358407e+04 1.505258865950303353e-05
1.813497804196495417e+04 1.540316813585484968e-05
1.855825227755518790e+04 1.576194730842250162e-05
1.899140582361935594e+04 1.612911717224815218e-05
1.943466926536018218e+04 1.650487318892355801e-05
1.988827856988807616e+04 1.688941539065270554e-05
2.035247521183575736e+04 1.728294848674653933e-05
2.082750630190514494e+04 1.768568197260717457e-05
2.131362471841437582e+04 1.809783024125922901e-05
2.181108924191520055e+04 1.851961269748776339e-05
2.232016469295234492e+04 1.895125387464371148e-05
2.284112207303825562e+04 1.939298355417894834e-05
2.337423870891812476e+04 1.984503688797462599e-05
2.391979840020237316e+04 2.030765452352823841e-05
2.447809157044440144e+04 2.078108273206533208e-05
2.504941542174502320e+04 2.126557353964507487e-05
2.563407409296515107e+04 2.176138486132875356e-05
2.623237882163123504e+04 2.226878063848298454e-05
2.684464810961965122e+04 2.278803097929062125e-05
2.747120789270808746e+04 2.331941230254422272e-05
2.811239171408461334e+04 2.386320748479886484e-05
2.876854090190591523e+04 2.441970601096195387e-05
2.944000475100033873e+04 2.498920412840121845e-05
3.012714070881164298e+04 2.557200500465213751e-05
3.083031456568276917e+04 2.616841888880911462e-05
3.154990064958088624e+04 2.677876327668627068e-05
3.228628202536726894e+04 2.740336307983576368e-05
3.303985069871854648e+04 2.804255079851383417e-05
3.381100782480681664e+04 2.869666669868600875e-05
3.460016392185108998e+04 2.936605899316668480e-05
3.540773908965269948e+04 3.005108402698870981e-05
3.623416323323149845e+04 3.075210646710203416e-05
3.707987629168172134e+04 3.146949949650233952e-05
3.794532847236942325e+04 3.220364501289301465e-05
3.883098049059601180e+04 3.295493383198607319e-05
3.973730381485604448e+04 3.372376589555081981e-05
4.066478091781854164e+04 3.451055048431993867e-05
4.161390553316706792e+04 3.531570643586757715e-05
4.258518291843414772e+04 3.613966236757461459e-05
4.357913012397029524e+04 3.698285690480003274e-05
4.459627626819095894e+04 3.784573891437999460e-05
4.563716281924754003e+04 3.872876774357856297e-05
4.670234388327330817e+04 3.963241346461806209e-05
4.779238649935594731e+04 4.055715712491786537e-05
4.890787094139590045e+04 4.150349100317645692e-05
5.004939102700953663e+04 4.247191887143194640e-05
5.121755443364241364e+04 4.346295626324093330e-05
5.241298302206061635e+04 4.447713074811855064e-05
5.363631316739234171e+04 4.551498221238554047e-05
5.488819609789665992e+04 4.657706314657252981e-05
5.616929824163804005e+04 4.766393893953300417e-05
5.748030158125350863e+04 4.877618817942356330e-05
5.882190401699955692e+04 4.991440296171026109e-05
6.019481973827274487e+04 5.107918920436524553e-05
6.159977960380168952e+04 5.227116697042200077e-05
6.303753153071281849e+04 5.349097079806025806e-05
6.450884089267686068e+04 5.473925003839665682e-05
6.601449092734883016e+04 5.601666920116141798e-05
6.755528315331639897e+04 5.732390830844341265e-05
6.913203779678128194e+04 5.866166325669420871e-05
7.074559422819878091e+04 6.003064618718209085e-05
7.239681140910876275e+04 6.143158586509397544e-05
7.408656834939567489e+04 6.286522806748688153e-05
7.581576457522102282e+04 6.433233598029534971e-05
7.758532060787828232e+04 6.583369060460696664e-05
7.939617845382275118e+04 6.737009117242037605e-05
8.124930210614047246e+04 6.894235557210946731e-05
8.314567805772063730e+04 7.055132078381862561e-05
8.508631582640581473e+04 7.219784332502129324e-05
8.707224849239921605e+04 7.388279970647913320e-05
8.910453324821504066e+04 7.560708689884418224e-05
9.118425196146561939e+04 7.737162281015346800e-05
9.331251175078240340e+04 7.917734677446786929e-05
9.549044557518078364e+04 8.102522005191842313e-05
9.771921283717996266e+04 8.291622634042405450e-05
1.000000000000000000e+05 8.485137229935390732e-05
