# incident_frequency_noise
# Frequency [Hz], Frequency noise [Hz/rtHz]
0.000000000000000000e+00 1.396924071013927460e-02
1.000000000000000056e-01 1.054578181356191635e-02
2.000000000000000111e-01 8.719990961253643036e-03
3.000000000000000444e-01 1.388903334736824036e-02
4.000000000000000222e-01 1.132282335311174393e-02
5.000000000000000000e-01 4.730931948870420456e-03
6.000000000000000888e-01 8.613727986812591553e-03
7.000000000000000666e-01 1.154348906129598618e-02
8.000000000000000444e-01 1.195011660456657410e-02
9.000000000000000222e-01 2.095765247941017151e-02
1.000000000000000000e+00 2.876609861850738525e-01
1.100000000000000089e+00 6.777393817901611328e-01
1.200000000000000178e+00 4.013620913028717041e-01
1.300000000000000044e+00 5.251135304570198059e-02
1.400000000000000133e+00 5.889998003840446472e-02
1.500000000000000000e+00 6.928680837154388428e-02
1.600000000000000089e+00 7.922121882438659668e-02
1.700000000000000178e+00 1.117362976074218750e-01
1.800000000000000044e+00 1.348727494478225708e-01
1.900000000000000133e+00 1.790864169597625732e-01
2.000000000000000000e+00 1.908924728631973267e-01
2.100000000000000089e+00 2.020360976457595825e-01
2.200000000000000178e+00 2.704032361507415771e-01
2.300000000000000266e+00 5.878677964210510254e-01
2.400000000000000355e+00 7.180828452110290527e-01
2.500000000000000000e+00 3.252542316913604736e-01
2.600000000000000089e+00 2.793769836425781250e-01
2.700000000000000178e+00 2.229153811931610107e-01
2.800000000000000266e+00 2.206775248050689697e-01
2.900000000000000355e+00 2.211308777332305908e-01
3.000000000000000000e+00 2.174564301967620850e-01
3.100000000000000089e+00 1.681362837553024292e-01
3.200000000000000178e+00 1.529353111982345581e-01
3.300000000000000266e+00 2.051531672477722168e-01
3.400000000000000355e+00 2.691647410392761230e-01
3.500000000000000000e+00 2.112693935632705688e-01
3.600000000000000089e+00 1.422310769557952881e-01
3.700000000000000178e+00 1.318028718233108521e-01
3.800000000000000266e+00 1.123720183968544006e-01
3.900000000000000355e+00 9.624610096216201782e-02
4.000000000000000000e+00 7.324633002281188965e-02
4.100000000000000533e+00 6.882212311029434204e-02
4.200000000000000178e+00 7.512146979570388794e-02
4.299999999999999822e+00 6.928321719169616699e-02
4.400000000000000355e+00 6.601281464099884033e-02
4.500000000000000000e+00 6.485839933156967163e-02
4.600000000000000533e+00 5.596873164176940918e-02
4.700000000000000178e+00 5.546709522604942322e-02
4.800000000000000711e+00 5.123862996697425842e-02
4.900000000000000355e+00 4.941961169242858887e-02
5.000000000000000000e+00 4.905706271529197693e-02
5.100000000000000533e+00 4.052950441837310791e-02
5.200000000000000178e+00 4.057876393198966980e-02
5.300000000000000711e+00 4.240947961807250977e-02
5.400000000000000355e+00 3.895413875579833984e-02
5.500000000000000000e+00 3.878623247146606445e-02
5.690488039647896734e+00 3.141359994191587901e-02
5.792354349950747050e+00 2.821105412670465301e-02
5.896044184897252016e+00 2.449418502406729495e-02
6.001590187685306610e+00 2.502319406564942547e-02
6.109025585863760099e+00 2.269743502183961190e-02
6.218384201792975574e+00 2.436831408570592356e-02
6.329700463292646795e+00 2.353331948216503752e-02
6.443009414480209252e+00 2.258966451966142736e-02
6.558346726803291560e+00 2.019564521512212316e-02
6.675748710269645336e+00 1.807883918938313697e-02
6.795252324878115147e+00 1.552002631417647056e-02
6.916895192254220781e+00 1.493969712941078942e-02
7.040715607494047568e+00 1.388230786557979358e-02
7.166752551220141321e+00 1.372106344337325166e-02
7.295045701853230646e+00 1.256216726306320051e-02
7.425635448103615310e+00 1.075700134905798258e-02
7.558562901686169511e+00 1.086788576919240322e-02
7.693869910262962186e+00 1.056767600002904602e-02
7.831599070617565772e+00 1.015426765652889703e-02
7.971793742065186983e+00 9.580344035639731803e-03
8.114498060102869559e+00 8.465536931395857209e-03
8.259756950304044665e+00 7.503282917881116607e-03
8.407616142461817432e+00 7.754122306347610918e-03
8.558122184985416325e+00 7.164143441441332694e-03
8.711322459554377673e+00 5.288188778532933523e-03
8.867265196035036823e+00 5.328315444409526674e-03
9.025999487664066123e+00 5.406384779565423689e-03
9.187575306503791950e+00 4.011819592695978903e-03
9.352043519174182862e+00 3.487724277037213255e-03
9.519455902866479136e+00 2.328339210890510366e-03
9.689865161643465896e+00 1.259920567404999598e-03
9.863324943031539505e+00 9.961267963112425960e-04
1.003988985490979324e+01 1.639496792739184895e-03
1.021961548270146025e+01 2.022552909628927247e-03
1.040255840687305877e+01 2.187223246496854470e-03
1.058877622074682989e+01 2.216512495298792775e-03
1.077832754863201892e+01 2.156142858883355710e-03
1.097127206428074508e+01 1.994947530856789036e-03
1.116767050967421682e+01 2.084982230919137525e-03
1.136758471414530902e+01 2.157214853703138743e-03
1.157107761384336975e+01 1.932418385902867153e-03
1.177821327154753384e+01 1.748953633157697201e-03
1.198905689683470044e+01 1.653621050096189867e-03
1.220367486660853373e+01 1.553922505712639849e-03
1.242213474599595635e+01 1.499438536139769372e-03
1.264450530961772934e+01 1.355605519276789064e-03
1.287085656323977112e+01 1.326370477882299597e-03
1.310125976581211127e+01 1.355396005397537049e-03
1.333578745190229498e+01 1.156057334521062158e-03
1.357451345453042890e+01 1.162431293448075095e-03
1.381751292841298806e+01 1.024949955759627516e-03
1.406486237362269520e+01 9.082980349489242714e-04
1.431663965967196006e+01 9.403360575536024585e-04
1.457292405002742974e+01 8.435749075741663574e-04
1.483379622706337209e+01 8.042877858404752587e-04
1.509933831746179145e+01 7.301101237449708278e-04
1.536963391806716039e+01 6.770987286778897300e-04
1.564476812220405932e+01 5.771617778921620066e-04
1.592482754646588639e+01 6.135464495000825247e-04
1.620990035798313400e+01 6.127634768604668051e-04
1.650007630217978871e+01 5.981014286998921799e-04
1.679544673102662244e+01 5.442662295279207139e-04
1.709610463180020545e+01 5.261164493717198232e-04
1.740214465635682473e+01 4.614246279128498543e-04
1.771366315093031218e+01 4.352070747082637274e-04
1.803075818646341588e+01 4.581055848524819745e-04
1.835352958948206137e+01 3.898696623471585012e-04
1.868207897352231583e+01 3.629113269986802446e-04
1.901650977111994223e+01 3.858192480047041486e-04
1.935692726637258332e+01 3.518416450964110577e-04
1.970343862808489988e+01 3.361037866890310066e-04
2.005615294350693389e+01 2.976693171986271994e-04
2.041518125267655392e+01 3.464053987588486283e-04
2.078063658337658737e+01 2.951535450256508432e-04
2.115263398671776329e+01 2.897353907011217407e-04
2.153129057335861063e+01 2.502233426991067153e-04
2.191672555037374792e+01 2.571009967865532696e-04
2.230906025878214649e+01 2.566321100126994900e-04
2.270841821174724018e+01 2.313035105908284382e-04
2.311492513346074062e+01 2.173881143519598941e-04
2.352870899872267074e+01 2.092478567186217961e-04
2.394990007322981995e+01 2.291385304420159278e-04
2.437863095458545359e+01 2.053966521405752347e-04
2.481503661404311956e+01 2.188267672534457628e-04
2.525925443899775047e+01 1.866703762251829520e-04
2.571142427623736282e+01 1.775055470961607216e-04
2.617168847596908421e+01 2.043849515225648963e-04
2.664019193663316898e+01 2.438178308515963040e-04
2.711708215051937998e+01 3.859817525239021634e-04
2.760250925019985502e+01 4.882546555465299060e-04
2.809662605579324435e+01 2.104258507157922772e-04
2.859958812307485942e+01 1.943288423088858482e-04
2.911155379244812380e+01 1.640584617398437007e-04
2.963268423879259572e+01 2.755220651322965787e-04
3.016314352220443595e+01 1.932007392359852036e-04
3.070309863964502028e+01 1.611569835738080390e-04
3.125271957751429142e+01 1.462039931766408055e-04
3.181217936516513234e+01 1.552785358129223645e-04
3.238165412937576093e+01 1.543340968296465720e-04
3.296132314979720235e+01 1.398617545217738039e-04
3.355136891539333988e+01 1.354402168233773585e-04
3.415197718189140375e+01 1.372237083998655526e-04
3.476333703026070765e+01 1.307197721828791685e-04
3.538564092623835933e+01 1.524891321253743449e-04
3.601908478092055788e+01 1.122784346285031888e-04
3.666386801243842797e+01 1.110603986767154714e-04
3.732019360873805880e+01 1.059365141061222265e-04
3.798826819148429479e+01 1.037068104222193903e-04
3.866830208110846456e+01 1.032584937225872071e-04
3.936050936302067527e+01 1.031435238815462150e-04
4.006510795500714295e+01 1.177422502862913789e-04
4.078231967583426609e+01 1.362052205150345377e-04
4.151237031508060937e+01 1.050640779280695783e-04
4.225548970421907313e+01 1.159186370302530756e-04
4.301191178897144596e+01 1.057033070482912124e-04
4.378187470295823402e+01 1.102938488776138273e-04
4.456562084266683144e+01 1.211808192091562691e-04
4.536339694376188447e+01 1.088436627382840800e-04
4.617545415876142556e+01 1.143791598643856153e-04
4.700204813610375254e+01 1.588685842834542989e-04
4.784343910062955985e+01 1.307561984281580393e-04
4.869989193550483719e+01 1.381392147319088898e-04
4.957167626561027873e+01 1.661254631442622394e-04
5.045906654242345013e+01 1.237049551577599940e-04
5.136234213042040153e+01 1.069654859138459744e-04
5.228178739502416761e+01 1.157788279115015505e-04
5.321769179212729739e+01 1.315566584317227308e-04
5.417034995921726903e+01 1.832108262496190735e-04
5.514006180813297675e+01 1.024801634294322946e-04
5.612713261948174193e+01 1.054275081578688844e-04
5.713187313874644957e+01 1.107588876485236394e-04
5.815459967411311482e+01 1.074933378067442698e-04
5.919563419604980226e+01 1.731760579456226214e-04
6.025530443866787067e+01 7.984963448216694749e-04
6.133394400289792259e+01 1.139905604472183222e-04
6.243189246151264626e+01 1.195453763437432596e-04
6.354949546602967558e+01 1.052193221612592955e-04
6.468710485552816181e+01 1.162680872101920087e-04
6.584507876741322718e+01 1.164724668371420286e-04
6.702378175016335149e+01 1.096210551577133166e-04
6.822358487809597705e+01 1.105121929950992872e-04
6.944486586818747753e+01 2.543226384709706142e-04
7.068800919898453117e+01 1.424338974868374214e-04
7.195340623164399574e+01 1.975701191409043843e-04
7.324145533313956946e+01 1.453126734546892934e-04
7.455256200167404756e+01 1.362477584817968317e-04
7.588713899433652443e+01 1.404990608178281340e-04
7.724560645704484330e+01 1.344028308873523479e-04
7.862839205681426336e+01 1.628906912262927098e-04
8.003593111639365532e+01 2.153922386525398015e-04
8.146866675131199997e+01 1.789754890574475610e-04
8.292705000937824877e+01 1.547961681391824408e-04
8.441154001267823048e+01 1.671597498797391446e-04
8.592260410211353872e+01 1.873709294028610311e-04
8.746071798452784662e+01 2.136434244427988201e-04
8.902636588246686244e+01 2.400523007634696425e-04
9.062004068661946121e+01 2.090813541760238356e-04
9.224224411098714427e+01 1.810511168048526808e-04
9.389348685083176349e+01 2.097473280815898185e-04
9.557428874345033876e+01 2.279959503257875065e-04
9.728517893182811349e+01 2.108619348318623238e-04
9.902669603122109265e+01 2.582714333384157363e-04
1.007993882987205865e+02 2.456888922190040648e-04
1.026038138058534486e+02 3.132105806544437619e-04
1.044405406142714128e+02 5.167339671043952786e-04
1.063101469545861590e+02 6.118301951910387355e-04
1.082132214084053601e+02 4.812291806717118136e-04
1.101503630936274760e+02 3.296418402657162565e-04
1.121221818530535046e+02 3.575849715507254333e-04
1.141292984463752020e+02 4.050644714881868275e-04
1.161723447455999292e+02 4.061646998720670212e-04
1.182519639339740394e+02 4.958198367007537024e-04
1.203688107084670662e+02 6.079422979209209935e-04
1.225235514858807022e+02 4.789894117857547776e-04
1.247168646126471856e+02 4.692438645961131754e-04
1.269494405783839852e+02 4.159030101474776040e-04
1.292219822332700971e+02 3.574581110753163220e-04
1.315352050093148648e+02 3.341151441531203304e-04
1.338898371455871654e+02 3.880162472277681306e-04
1.362866199174765427e+02 3.652757250500364775e-04
1.387263078700584629e+02 3.493157167951137687e-04
1.412096690556369651e+02 3.315421553176424734e-04
1.437374852755397114e+02 3.417177871113996667e-04
1.463105523262413215e+02 3.553747537117121725e-04
1.489296802498927832e+02 4.397957495703899017e-04
1.515956935893354398e+02 3.871073571094728306e-04
1.543094316476800145e+02 3.226488587111415052e-04
1.570717487525327556e+02 2.802116931091401140e-04
1.598835145249509537e+02 2.629179322228931623e-04
1.627456141532135518e+02 2.742691882996992373e-04
1.656589486714922828e+02 2.766102848692000567e-04
1.686244352435119538e+02 3.040359534854658466e-04
1.716430074512872181e+02 2.949474909764735007e-04
1.747156155890295395e+02 2.879142244738898426e-04
1.778432269623146738e+02 3.612546825932420554e-04
1.810268261926057676e+02 3.767163555215547171e-04
1.842674155272276550e+02 2.784451944426625950e-04
1.875660151548902377e+02 2.295043989248754502e-04
1.909236635268600537e+02 1.982104879184263797e-04
1.943414176838809624e+02 1.807553911536525723e-04
1.978203535889474267e+02 1.640261116073941212e-04
2.013615664660345601e+02 1.508102685149634390e-04
2.049661711448920585e+02 1.476855231601211741e-04
2.086353024120100201e+02 1.428253783679507831e-04
2.123701153678678679e+02 1.380450386412634717e-04
2.161717857905778430e+02 1.339244966477197494e-04
2.200415105060395433e+02 1.244723820081656705e-04
2.239805077647181406e+02 1.239959638565611417e-04
2.279900176251698838e+02 1.175383429721237901e-04
2.320713023444318992e+02 1.112620863261475171e-04
2.362256467754005200e+02 1.116398905736855362e-04
2.404543587713233990e+02 1.105910027724614042e-04
2.447587695975323356e+02 1.025450646025090942e-04
2.491402343505465637e+02 1.154114976970879253e-04
2.536001323846786875e+02 1.018333460613420028e-04
2.581398677462769911e+02 9.082704753317180537e-05
2.627608696157416830e+02 9.163859561785755829e-05
2.674645927574532038e+02 9.000972994276443392e-05
2.722525179777550761e+02 8.602451091826157083e-05
2.771261525911353942e+02 8.358767482891674367e-05
2.820870308947528997e+02 8.410547459652445597e-05
2.871367146514577371e+02 7.996455758143837284e-05
2.922767935814604812e+02 7.924468997800934050e-05
2.975088858627991044e+02 7.906397588651492038e-05
3.028346386407683895e+02 7.591037594886140751e-05
3.082557285464667416e+02 7.629722165188569335e-05
3.137738622246263844e+02 7.607964920233241000e-05
3.193907768708920685e+02 7.725386368068391080e-05
3.251082407787175157e+02 7.374849944253111409e-05
3.309280538960522335e+02 7.303155192094781356e-05
3.368520483919935486e+02 7.150879412291107301e-05
3.428820892335824624e+02 7.184891384205712816e-05
3.490200747729245450e+02 7.163141329475928893e-05
3.552679373448215188e+02 7.096323787757484762e-05
3.616276438751002047e+02 7.273472125680910459e-05
3.681011964998324402e+02 7.252957503509535587e-05
3.746906331956383838e+02 7.112329182028729842e-05
3.813980284212753986e+02 7.193105418044390376e-05
3.882254937707081126e+02 7.451460954799589789e-05
3.951751786378732163e+02 7.340529160513391250e-05
4.022492708933418726e+02 7.353433385057250339e-05
4.094499975730964820e+02 7.341587215156562222e-05
4.167796255796362175e+02 7.184567950772921920e-05
4.242404623956342675e+02 7.103381806976554348e-05
4.318348568103693879e+02 7.242865337907526853e-05
4.395651996591620900e+02 7.752370272897411501e-05
4.474339245760473887e+02 8.174331011272524647e-05
4.554435087599210874e+02 8.549300720123517586e-05
4.635964737544013019e+02 1.034687120368902842e-04
4.718953862416500442e+02 1.407554866893357000e-04
4.803428588504054915e+02 2.079240176658435704e-04
4.889415509784785172e+02 1.617927975520820334e-04
4.976941696299729756e+02 1.035158931733053231e-04
5.066034702674950836e+02 1.199398669450351339e-04
5.156722576796136082e+02 8.867317267291364275e-05
5.249033868638538252e+02 8.446994048081436822e-05
5.342997639254950855e+02 8.094009283481331716e-05
5.438643469924586498e+02 7.566693478207772955e-05
5.536001471465732493e+02 7.780292576663129425e-05
5.635102293715112864e+02 7.626772377244318986e-05
5.735977135176938191e+02 7.543871664421397465e-05
5.838657752844688957e+02 7.554774573113146887e-05
5.943176472198720148e+02 7.544723659993907432e-05
6.049566197382829387e+02 7.623162100036673936e-05
6.157860421563005957e+02 7.664455350800397767e-05
6.268093237471603061e+02 8.558123579205242036e-05
6.380299348140275697e+02 1.190408593991353504e-04
6.494514077825027698e+02 1.207366956488346832e-04
6.610773383126879708e+02 1.196157542336417413e-04
6.729113864311531188e+02 8.315964687309010828e-05
6.849572776831729470e+02 7.639666270297041295e-05
6.972188043055869002e+02 7.734706137237962089e-05
7.096998264206549720e+02 8.505001398536628492e-05
7.224042732512856446e+02 7.849157837925039519e-05
7.353361443580166679e+02 7.837981970643473090e-05
7.484995108981405565e+02 7.758853066142887842e-05
7.618985169073686166e+02 7.805052801949822832e-05
7.755373806044392495e+02 8.603048030759174200e-05
7.894203957190796928e+02 8.958995909011505153e-05
8.035519328437400191e+02 7.957800776021138091e-05
8.179364408095245835e+02 8.992647263350079688e-05
8.325784480867541788e+02 1.010322735898895174e-04
8.474825642106006853e+02 9.963796500687523909e-05
8.626534812322398693e+02 8.035658683925290635e-05
8.780959751959871937e+02 7.741096453320469532e-05
8.938149076428663875e+02 7.705438226406232088e-05
9.098152271411033780e+02 7.805631215727988257e-05
9.261019708440124987e+02 7.719113272326858703e-05
9.426802660757718968e+02 7.913854631778314023e-05
9.595553319455863175e+02 7.879142510442598349e-05
9.767324809907449890e+02 7.848599754162972138e-05
9.942171208490924528e+02 7.771974193550051002e-05
1.012014755961438254e+03 7.891599801121785618e-05
1.030130989304441982e+03 7.807430186713268838e-05
1.048571524154518329e+03 7.734694739198810310e-05
1.067342165883319240e+03 7.894723511727067921e-05
1.086448823785356808e+03 7.839600739191523158e-05
1.105897512938341151e+03 7.841384351338489623e-05
1.125694356096822276e+03 7.839557454021329466e-05
1.145845585619733811e+03 7.865452353769509879e-05
1.166357545432431152e+03 7.855072143593602718e-05
1.187236693023864063e+03 7.941564042520882021e-05
1.208489601479495150e+03 7.985593397691269596e-05
1.230122961550610626e+03 7.878442919671889248e-05
1.252143583760675256e+03 7.914293830068130204e-05
1.274558400549391763e+03 8.056553660887961696e-05
1.297374468455142733e+03 8.128619938229139196e-05
1.320598970336500997e+03 8.111822604191449345e-05
1.344239217633505632e+03 8.050645440430440427e-05
1.368302652669420468e+03 7.903868197575312973e-05
1.392796850993693397e+03 8.050509334958410093e-05
1.417729523766859757e+03 8.008867764378111830e-05
1.443108520188137618e+03 7.940250386776063530e-05
1.468941829966479645e+03 7.923687127877696175e-05
1.495237585835857317e+03 7.966674944174770734e-05
1.522004066115581509e+03 7.892364591334887869e-05
1.549249697316438187e+03 8.116366323002421326e-05
1.576983056793492779e+03 7.970024133860484795e-05
1.605212875446376756e+03 8.040161577763743574e-05
1.633948040467911596e+03 8.088225493401583527e-05
1.663197598141938442e+03 8.059218251549787665e-05
1.692970756691230008e+03 8.137092503551789958e-05
1.723276889176385566e+03 8.354861442748924105e-05
1.754125536446618071e+03 8.087641429754603391e-05
1.785526410143364046e+03 8.137123965876016712e-05
1.817489395757661896e+03 8.146309133109382690e-05
1.850024555742261100e+03 8.153284574928881747e-05
1.883142132679440010e+03 8.158228175954687948e-05
1.916852552505534049e+03 8.242829087501117482e-05
1.951166427793182265e+03 8.187332997997626616e-05
1.986094561092340200e+03 8.246472852967579731e-05
2.021647948331083398e+03 8.259158880020414564e-05
2.057837782277304996e+03 8.277242328396923563e-05
2.094675456062374906e+03 8.222355577226520690e-05
2.132172566767877925e+03 8.307874358237497424e-05
2.170340919076556929e+03 8.345914959885450542e-05
2.209192528988614413e+03 8.391401146852580544e-05
2.248739627604538782e+03 8.367501660099747386e-05
2.288994664975649357e+03 8.455369224307139283e-05
2.329970314023566516e+03 8.919641617569662472e-05
2.371679474529849358e+03 1.011237527082437302e-04
2.414135277197050527e+03 9.110296649613626604e-05
2.457351087782469676e+03 9.197497899894371809e-05
2.501340511305902055e+03 1.196549422121518633e-04
2.546117396332717362e+03 1.974024498040920629e-04
2.591695839333600816e+03 1.002608250624629902e-04
2.638090189122358424e+03 9.174633019224892150e-05
2.685315051373132064e+03 1.200121675715829818e-04
2.733385293218508195e+03 1.086639529654406490e-04
2.782316047929922206e+03 1.285184972974466220e-04
2.832122719681853596e+03 9.050436205654460232e-05
2.882820988401300383e+03 9.830656598198473945e-05
2.934426814704070239e+03 9.626787904318172902e-05
2.986956444919434034e+03 9.921553648657116900e-05
3.040426416204725228e+03 9.818178012130817018e-05
3.094853561751499910e+03 9.550483192571969132e-05
3.150255016084891395e+03 9.873895357818423158e-05
3.206648220457828756e+03 9.868340142159186625e-05
3.264050928341818235e+03 1.012834915711227006e-04
3.322481211016017824e+03 1.015845590799156317e-04
3.381957463256356732e+03 1.033417112124391602e-04
3.442498409126516890e+03 1.031365735602374412e-04
3.504123107872540913e+03 1.061172923119343563e-04
3.566850959922999664e+03 1.081147845127445641e-04
3.630701712996548395e+03 1.186527682426700021e-04
3.695695468318822350e+03 1.135278264561321129e-04
3.761852686950618590e+03 1.196004810026912160e-04
3.829194196229361751e+03 1.354670992172431546e-04
3.897741196325879628e+03 1.398830147757389164e-04
3.967515266918550424e+03 1.711390010001128097e-04
4.038538373986926217e+03 2.017417460288298226e-04
4.110832876726973154e+03 1.969923220701581682e-04
4.184421534590093870e+03 1.729656634892830680e-04
4.259327514448170405e+03 1.804282302544336848e-04
4.335574397886853149e+03 1.584710285920501764e-04
4.413186188629421849e+03 1.534931093567225866e-04
4.492187320093529706e+03 1.539311276588207437e-04
4.572602663083249354e+03 1.570960893522721513e-04
4.654457533618765410e+03 1.639617554897282155e-04
4.737777700906278369e+03 1.741456332510617298e-04
4.822589395450550001e+03 1.845739975758389881e-04
4.908919317312683233e+03 1.980229455103717207e-04
4.996794644515722212e+03 2.288701227693699155e-04
5.086243041600721881e+03 2.134213180407926104e-04
5.177292668335984672e+03 2.082208614984268585e-04
5.269972188582199124e+03 2.091029729272313924e-04
5.364310779316278058e+03 2.434327640426420030e-04
5.460338139816727562e+03 2.121958723164589044e-04
5.558084501013452609e+03 2.255263569583897218e-04
5.657580635004929718e+03 2.164982487946874882e-04
5.758857864745750703e+03 2.349524183502645015e-04
5.861948073907577054e+03 2.979722512429911190e-04
5.966883716916647245e+03 2.904319089621054109e-04
6.073697829170905607e+03 2.829331266903045922e-04
6.182424037440093343e+03 2.808515497194825927e-04
6.293096570451980369e+03 4.173866463072692639e-04
6.405750269668109468e+03 3.308843482597374937e-04
6.520420600252436998e+03 3.405024091127898831e-04
6.637143662236328964e+03 3.588264359958621584e-04
6.755956201883421272e+03 4.108497601077160501e-04
6.876895623257922125e+03 4.518136598966247764e-04
7.000000000000001819e+03 5.005336688799172200e-04
