# input_mode_cleaner_shot_noise
# Frequency [Hz], Frequency noise [Hz/rtHz]
1.000000000000000000e+00 8.005898093034080501e-05
1.023340212191641951e+00 8.005898093034080501e-05
1.047225189888434826e+00 8.005898093034080501e-05
1.071667648032863518e+00 8.005898093034080501e-05
1.096680598336868373e+00 8.005898093034080501e-05
1.122277356208507770e+00 8.005898093034080501e-05
1.148471547840289375e+00 8.005898093034080501e-05
1.175277117462945276e+00 8.005898093034080501e-05
1.202708334768511689e+00 8.005898093034080501e-05
1.230779802506665188e+00 8.005898093034080501e-05
1.259506464258357994e+00 8.005898093034080501e-05
1.288903612390892794e+00 8.005898093034080501e-05
1.318986896198670156e+00 8.005898093034080501e-05
1.349772330233942386e+00 8.005898093034080501e-05
1.381276302832009639e+00 8.005898093034080501e-05
1.413515584835395522e+00 8.005898093034080501e-05
1.446507338521646702e+00 8.005898093034080501e-05
1.480269126739509167e+00 8.005898093034080501e-05
1.514818922258345912e+00 8.005898093034080501e-05
1.550175117335770070e+00 8.005898093034080501e-05
1.586356533508590516e+00 8.005898093034080501e-05
1.623382431612278687e+00 8.005898093034080501e-05
1.661272522034292987e+00 8.005898093034080501e-05
1.700046975206717548e+00 8.005898093034080501e-05
1.739726432343801532e+00 8.005898093034080501e-05
1.780332016430113962e+00 8.005898093034080501e-05
1.821885343465166729e+00 8.005898093034080501e-05
1.864408533970486337e+00 8.005898093034080501e-05
1.907924224765265686e+00 8.005898093034080501e-05
1.952455581016861119e+00 8.005898093034080501e-05
1.998026308572550258e+00 8.005898093034080501e-05
2.044660666579116715e+00 8.005898093034080501e-05
2.092383480396977635e+00 8.005898093034080501e-05
2.141220154815729249e+00 8.005898093034080501e-05
2.191196687578149227e+00 8.005898093034080501e-05
2.242339683219845892e+00 8.005898093034080501e-05
2.294676367231936354e+00 8.005898093034080501e-05
2.348234600554276241e+00 8.005898093034080501e-05
2.403042894406968610e+00 8.005898093034080501e-05
2.459130425468044834e+00 8.005898093034080501e-05
2.516527051405391457e+00 8.005898093034080501e-05
2.575263326771200845e+00 8.005898093034080501e-05
2.635370519267394407e+00 8.005898093034080501e-05
2.696880626390693259e+00 8.005898093034080501e-05
2.759826392466180334e+00 8.005898093034080501e-05
2.824241326078435144e+00 8.005898093034080501e-05
2.890159717909509762e+00 8.005898093034080501e-05
2.957616658993253989e+00 8.005898093034080501e-05
3.026648059395691703e+00 8.005898093034080501e-05
3.097290667331408898e+00 8.005898093034080501e-05
3.169582088726115909e+00 8.005898093034080501e-05
3.243560807235811527e+00 8.005898093034080501e-05
3.319266204733188896e+00 8.005898093034080501e-05
3.396738582272207818e+00 8.005898093034080501e-05
3.476019181541978309e+00 8.005898093034080501e-05
3.557150206821385829e+00 8.005898093034080501e-05
3.640174847446140394e+00 8.005898093034080501e-05
3.725137300800211548e+00 8.005898093034080501e-05
3.812082795843889205e+00 8.005898093034080501e-05
3.901057617190992310e+00 8.005898093034080501e-05
3.992109129748051544e+00 8.005898093034080501e-05
4.085285803928562665e+00 8.005898093034080501e-05
4.180637241455757547e+00 8.005898093034080501e-05
4.278214201767616132e+00 8.005898093034080501e-05
4.378068629038168957e+00 8.005898093034080501e-05
4.480253679829490743e+00 8.005898093034080501e-05
4.584823751389095925e+00 8.005898093034080501e-05
4.691834510607797881e+00 8.005898093034080501e-05
4.801342923653452388e+00 8.005898093034080501e-05
4.913407286296362919e+00 8.005898093034080501e-05
5.028087254942478879e+00 8.005898093034080501e-05
5.145443878390927317e+00 8.005898093034080501e-05
5.265539630332757071e+00 8.005898093034080501e-05
5.388438442608223689e+00 8.005898093034080501e-05
5.514205739240300552e+00 8.005898093034080501e-05
5.642908471262539472e+00 8.005898093034080501e-05
5.774615152359821479e+00 8.005898093034080501e-05
5.909395895340971094e+00 8.005898093034080501e-05
6.047322449462647853e+00 8.005898093034080501e-05
6.188468238624386331e+00 8.005898093034080501e-05
6.332908400455115050e+00 8.005898093034080501e-05
6.480719826311969634e+00 8.005898093034080501e-05
6.631981202212672066e+00 8.005898093034080501e-05
6.786773050723296841e+00 8.005898093034080501e-05
6.945177773823695944e+00 8.005898093034080501e-05
7.107279696773416866e+00 8.005898093034080501e-05
7.273165113001457627e+00 8.005898093034080501e-05
7.442922330043759693e+00 8.005898093034080501e-05
7.616641716552892127e+00 8.005898093034080501e-05
7.794415750404948717e+00 8.005898093034080501e-05
7.976339067929276716e+00 8.005898093034080501e-05
8.162508514287228678e+00 8.005898093034080501e-05
8.353023195026777259e+00 8.005898093034080501e-05
8.547984528840409268e+00 8.005898093034080501e-05
8.747496301554416931e+00 8.005898093034080501e-05
8.951664721378302048e+00 8.005898093034080501e-05
9.160598475443707756e+00 8.005898093034080501e-05
9.374408787662995124e+00 8.005898093034080501e-05
9.593209477938243523e+00 8.005898093034080501e-05
9.817117022752192668e+00 8.005898093034080501e-05
1.004625061717340806e+01 8.005898093034080501e-05
1.028073223830865324e+01 8.005898093034080501e-05
1.052068671023622848e+01 8.005898093034080501e-05
1.076624177045493269e+01 8.005898093034080501e-05
1.101752813788386831e+01 8.005898093034080501e-05
1.127467958244946722e+01 8.005898093034080501e-05
1.153783299629660775e+01 8.005898093034080501e-05
1.180712846666189719e+01 8.005898093034080501e-05
1.208270935044776628e+01 8.005898093034080501e-05
1.236472235053714996e+01 8.005898093034080501e-05
1.265331759388942956e+01 8.005898093034080501e-05
1.294864871145904317e+01 8.005898093034080501e-05
1.325087291997953187e+01 8.005898093034080501e-05
1.356015110565633286e+01 8.005898093034080501e-05
1.387664790981308549e+01 8.005898093034080501e-05
1.420053181653682373e+01 8.005898093034080501e-05
1.453197524236896143e+01 8.005898093034080501e-05
1.487115462808953836e+01 8.005898093034080501e-05
1.521825053264386263e+01 8.005898093034080501e-05
1.557344772926134269e+01 8.005898093034080501e-05
1.593693530381774437e+01 8.005898093034080501e-05
1.630890675549332514e+01 8.005898093034080501e-05
1.668956009978024113e+01 8.005898093034080501e-05
1.707909797389427808e+01 8.005898093034080501e-05
1.747772774464680978e+01 8.005898093034080501e-05
1.788566161883461803e+01 8.005898093034080501e-05
1.830311675620611922e+01 8.005898093034080501e-05
1.873031538506437599e+01 8.005898093034080501e-05
1.916748492056814968e+01 8.005898093034080501e-05
1.961485808579430312e+01 8.005898093034080501e-05
2.007267303562569438e+01 8.005898093034080501e-05
2.054117348353064187e+01 8.005898093034080501e-05
2.102060883130158331e+01 8.005898093034080501e-05
2.151123430182166274e+01 8.005898093034080501e-05
2.201331107493031425e+01 8.005898093034080501e-05
2.252710642645980244e+01 8.005898093034080501e-05
2.305289387051708516e+01 8.005898093034080501e-05
2.359095330508635158e+01 8.005898093034080501e-05
2.414157116103018907e+01 8.005898093034080501e-05
2.470504055456825299e+01 8.005898093034080501e-05
2.528166144331499154e+01 8.005898093034080501e-05
2.587174078595922566e+01 8.005898093034080501e-05
2.647559270567066747e+01 8.005898093034080501e-05
2.709353865732051503e+01 8.005898093034080501e-05
2.772590759860482379e+01 8.005898093034080501e-05
2.837303616516213012e+01 8.005898093034080501e-05
2.903526884977813793e+01 8.005898093034080501e-05
2.971295818577334202e+01 8.005898093034080501e-05
3.040646493467066946e+01 8.005898093034080501e-05
3.111615827824361347e+01 8.005898093034080501e-05
3.184241601504653119e+01 8.005898093034080501e-05
3.258562476153224452e+01 8.005898093034080501e-05
3.334618015786364253e+01 8.005898093034080501e-05
3.412448707852889385e+01 8.005898093034080501e-05
3.492095984787271590e+01 8.005898093034080501e-05
3.573602246065786403e+01 8.005898093034080501e-05
3.657010880777491479e+01 8.005898093034080501e-05
3.742366290721980704e+01 8.005898093034080501e-05
3.829713914046281076e+01 8.005898093034080501e-05
3.919100249433404315e+01 8.005898093034080501e-05
4.010572880855495725e+01 8.005898093034080501e-05
4.104180502904709016e+01 8.005898093034080501e-05
4.199972946715303834e+01 8.005898093034080501e-05
4.298001206490796022e+01 8.005898093034080501e-05
4.398317466650223651e+01 8.005898093034080501e-05
4.500975129608046643e+01 8.005898093034080501e-05
4.606028844202400307e+01 8.005898093034080501e-05
4.713534534786909802e+01 8.005898093034080501e-05
4.823549431001467269e+01 8.005898093034080501e-05
4.936132098237916921e+01 8.005898093034080501e-05
5.051342468816763898e+01 8.005898093034080501e-05
5.169241873891598260e+01 8.005898093034080501e-05
5.289893076098150715e+01 8.005898093034080501e-05
5.413360302965378423e+01 8.005898093034080501e-05
5.539709281106403438e+01 8.005898093034080501e-05
5.669007271207433973e+01 8.005898093034080501e-05
5.801323103833378525e+01 8.005898093034080501e-05
5.936727216069122903e+01 8.005898093034080501e-05
6.075291689016074059e+01 8.005898093034080501e-05
6.217090286163826818e+01 8.005898093034080501e-05
6.362198492657488913e+01 8.005898093034080501e-05
6.510693555481458361e+01 8.005898093034080501e-05
6.662654524581149929e+01 8.005898093034080501e-05
6.818162294944478674e+01 8.005898093034080501e-05
6.977299649665533821e+01 8.005898093034080501e-05
7.140151304013399169e+01 8.005898093034080501e-05
7.306803950529499048e+01 8.005898093034080501e-05
7.477346305177587737e+01 8.005898093034080501e-05
7.651869154570822218e+01 8.005898093034080501e-05
7.830465404301186538e+01 8.005898093034080501e-05
8.013230128396887153e+01 8.005898093034080501e-05
8.200260619934130091e+01 8.005898093034080501e-05
8.391656442830156948e+01 8.005898093034080501e-05
8.587519484845171291e+01 8.005898093034080501e-05
8.787954011821319966e+01 8.005898093034080501e-05
8.993066723187618550e+01 8.005898093034080501e-05
9.202966808760415063e+01 8.005898093034080501e-05
9.417766006869518947e+01 8.005898093034080501e-05
9.637578663841088655e+01 8.005898093034080501e-05
9.862521794868779068e+01 8.005898093034080501e-05
1.009271514630570863e+02 8.005898093034080501e-05
1.032828125941028503e+02 8.005898093034080501e-05
1.056934553557988323e+02 8.005898093034080501e-05
1.081603630310709434e+02 8.005898093034080501e-05
1.106848488549411940e+02 8.005898093034080501e-05
1.132682567136153722e+02 8.005898093034080501e-05
1.159119618598885779e+02 8.005898093034080501e-05
1.186173716452478004e+02 8.005898093034080501e-05
1.213859262690627645e+02 8.005898093034080501e-05
1.242190995452617415e+02 8.005898093034080501e-05
1.271183996869028903e+02 8.005898093034080501e-05
1.300853701090570667e+02 8.005898093034080501e-05
1.331215902504307564e+02 8.005898093034080501e-05
1.362286764141646813e+02 8.005898093034080501e-05
1.394082826282577230e+02 8.005898093034080501e-05
1.426621015260736840e+02 8.005898093034080501e-05
1.459918652473978682e+02 8.005898093034080501e-05
1.493993463605257830e+02 8.005898093034080501e-05
1.528863588058729590e+02 8.005898093034080501e-05
1.564547588616095766e+02 8.005898093034080501e-05
1.601064461318317740e+02 8.005898093034080501e-05
1.638433645577984805e+02 8.005898093034080501e-05
1.676675034527699211e+02 8.005898093034080501e-05
1.715808985610004811e+02 8.005898093034080501e-05
1.755856331414468912e+02 8.005898093034080501e-05
1.796838390767719318e+02 8.005898093034080501e-05
1.838776980082326986e+02 8.005898093034080501e-05
1.881694424970555701e+02 8.005898093034080501e-05
1.925613572129198587e+02 8.005898093034080501e-05
1.970557801501798281e+02 8.005898093034080501e-05
2.016551038724746547e+02 8.005898093034080501e-05
2.063617767863858603e+02 8.005898093034080501e-05
2.111783044448244482e+02 8.005898093034080501e-05
2.161072508808376540e+02 8.005898093034080501e-05
2.211512399725488649e+02 8.005898093034080501e-05
2.263129568399529603e+02 8.005898093034080501e-05
2.315951492743152187e+02 8.005898093034080501e-05
2.370006292009327922e+02 8.005898093034080501e-05
2.425322741760352869e+02 8.005898093034080501e-05
2.481930289186255152e+02 8.005898093034080501e-05
2.539859068780723987e+02 8.005898093034080501e-05
2.599139918382932706e+02 8.005898093034080501e-05
2.659804395593758386e+02 8.005898093034080501e-05
2.721884794575179853e+02 8.005898093034080501e-05
2.785414163241766232e+02 8.005898093034080501e-05
2.850426320853434845e+02 8.005898093034080501e-05
2.916955876018795948e+02 8.005898093034080501e-05
2.985038245118729492e+02 8.005898093034080501e-05
3.054709671159968138e+02 8.005898093034080501e-05
3.126007243068703474e+02 8.005898093034080501e-05
3.198968915434537621e+02 8.005898093034080501e-05
3.273633528715244552e+02 8.005898093034080501e-05
3.350040829913132825e+02 8.005898093034080501e-05
3.428231493733970865e+02 8.005898093034080501e-05
3.508247144239792306e+02 8.005898093034080501e-05
3.590130377007068319e+02 8.005898093034080501e-05
3.673924781802074335e+02 8.005898093034080501e-05
3.759674965785467293e+02 8.005898093034080501e-05
3.847426577258501652e+02 8.005898093034080501e-05
3.937226329963479543e+02 8.005898093034080501e-05
4.029122027951347604e+02 8.005898093034080501e-05
4.123162591029752093e+02 8.005898093034080501e-05
4.219398080805024165e+02 8.005898093034080501e-05
4.317879727332021389e+02 8.005898093034080501e-05
4.418659956385941427e+02 8.005898093034080501e-05
4.521792417370701855e+02 8.005898093034080501e-05
4.627332011878688718e+02 8.005898093034080501e-05
4.735334922917116387e+02 8.005898093034080501e-05
4.845858644816495939e+02 8.005898093034080501e-05
4.958962013837211771e+02 8.005898093034080501e-05
5.074705239490465942e+02 8.005898093034080501e-05
5.193149936590211837e+02 8.005898093034080501e-05
5.314359158053241572e+02 8.005898093034080501e-05
5.438397428464795667e+02 8.005898093034080501e-05
5.565330778427645555e+02 8.005898093034080501e-05
5.695226779712825191e+02 8.005898093034080501e-05
5.828154581230845679e+02 8.005898093034080501e-05
5.964184945842459911e+02 8.005898093034080501e-05
6.103390288028621171e+02 8.005898093034080501e-05
6.245844712439618434e+02 8.005898093034080501e-05
6.391624053343998639e+02 8.005898093034080501e-05
6.540805914998252319e+02 8.005898093034080501e-05
6.693469712958660693e+02 8.005898093034080501e-05
6.849696716357447031e+02 8.005898093034080501e-05
7.009570091165618351e+02 8.005898093034080501e-05
7.173174944465612271e+02 8.005898093034080501e-05
7.340598369757211685e+02 8.005898093034080501e-05
7.511929493320968731e+02 8.005898093034080501e-05
7.687259521663728492e+02 8.005898093034080501e-05
7.866681790071581872e+02 8.005898093034080501e-05
8.050291812295980662e+02 8.005898093034080501e-05
8.238187331399601590e+02 8.005898093034080501e-05
8.430468371788966806e+02 8.005898093034080501e-05
8.627237292461450124e+02 8.005898093034080501e-05
8.828598841495149827e+02 8.005898093034080501e-05
9.034660211810524970e+02 8.005898093034080501e-05
9.245531098233570901e+02 8.005898093034080501e-05
9.461323755890769007e+02 8.005898093034080501e-05
9.682153059967085937e+02 8.005898093034080501e-05
9.908136566858665901e+02 8.005898093034080501e-05
1.013939457675291692e+03 8.005898093034080501e-05
1.037605019766911710e+03 8.005898093034080501e-05
1.061822941099383570e+03 8.005898093034080501e-05
1.086606113854596742e+03 8.005898093034080501e-05
1.111967731120699000e+03 8.005898093034080501e-05
1.137921293915315118e+03 8.005898093034080501e-05
1.164480618372685512e+03 8.005898093034080501e-05
1.191659843098558667e+03 8.005898093034080501e-05
1.219473436696738190e+03 8.005898093034080501e-05
1.247936205471311496e+03 8.005898093034080501e-05
1.277063301308643304e+03 8.005898093034080501e-05
1.306870229743346272e+03 8.005898093034080501e-05
1.337372858212496340e+03 8.005898093034080501e-05
1.368587424502517706e+03 8.005898093034080501e-05
1.400530545393219654e+03 8.005898093034080501e-05
1.433219225503573853e+03 8.005898093034080501e-05
1.466670866343968555e+03 8.005898093034080501e-05
1.500903275579735009e+03 8.005898093034080501e-05
1.535934676510896907e+03 8.005898093034080501e-05
1.571783717773162834e+03 8.005898093034080501e-05
1.608469483265355166e+03 8.005898093034080501e-05
1.646011502308549780e+03 8.005898093034080501e-05
1.684429760042315138e+03 8.005898093034080501e-05
1.723744708063619782e+03 8.005898093034080501e-05
1.763977275314043482e+03 8.005898093034080501e-05
1.805148879221108245e+03 8.005898093034080501e-05
1.847281437099634104e+03 8.005898093034080501e-05
1.890397377819221447e+03 8.005898093034080501e-05
1.934519653744044263e+03 8.005898093034080501e-05
1.979671752951332564e+03 8.005898093034080501e-05
2.025877711735017101e+03 8.005898093034080501e-05
2.073162127401229100e+03 8.005898093034080501e-05
2.121550171362450328e+03 8.005898093034080501e-05
2.171067602537264975e+03 8.005898093034080501e-05
2.221740781062884707e+03 8.005898093034080501e-05
2.273596682327715371e+03 8.005898093034080501e-05
2.326662911331457963e+03 8.005898093034080501e-05
2.380967717380358408e+03 8.005898093034080501e-05
2.436540009125465986e+03 8.005898093034080501e-05
2.493409369951878034e+03 8.005898093034080501e-05
2.551606073727183684e+03 8.005898093034080501e-05
2.611161100917459407e+03 8.005898093034080501e-05
2.672106155079432483e+03 8.005898093034080501e-05
2.734473679737579914e+03 8.005898093034080501e-05
2.798296875655115855e+03 8.005898093034080501e-05
2.863609718508115748e+03 8.005898093034080501e-05
2.930446976972141329e+03 8.005898093034080501e-05
2.998844231231027607e+03 8.005898093034080501e-05
3.068837891917642082e+03 8.005898093034080501e-05
3.140465219496752070e+03 8.005898093034080501e-05
3.213764344100275594e+03 8.005898093034080501e-05
3.288774285825510105e+03 8.005898093034080501e-05
3.365534975507094259e+03 8.005898093034080501e-05
3.444087275973819942e+03 8.005898093034080501e-05
3.524473003801584127e+03 8.005898093034080501e-05
3.606734951574027946e+03 8.005898093034080501e-05
3.690916910662778264e+03 8.005898093034080501e-05
3.777063694539364406e+03 8.005898093034080501e-05
3.865221162631261905e+03 8.005898093034080501e-05
3.955436244734701631e+03 8.005898093034080501e-05
4.047756965997322368e+03 8.005898093034080501e-05
4.142232472483893616e+03 8.005898093034080501e-05
4.238913057338778344e+03 8.005898093034080501e-05
4.337850187558989091e+03 8.005898093034080501e-05
4.439096531392166071e+03 8.005898093034080501e-05
4.542705986374043277e+03 8.005898093034080501e-05
4.648733708020256927e+03 8.005898093034080501e-05
4.757236139187889421e+03 8.005898093034080501e-05
4.868271040122278464e+03 8.005898093034080501e-05
4.981897519205160279e+03 8.005898093034080501e-05
5.098176064420425064e+03 8.005898093034080501e-05
5.217168575554349445e+03 8.005898093034080501e-05
5.338938397147349860e+03 8.005898093034080501e-05
5.463550352214875602e+03 8.005898093034080501e-05
5.591070776755293082e+03 8.005898093034080501e-05
5.721567555063245891e+03 8.005898093034080501e-05
5.855110155867238063e+03 8.005898093034080501e-05
5.991769669310619065e+03 8.005898093034080501e-05
6.131618844795774748e+03 8.005898093034080501e-05
6.274732129711574999e+03 8.005898093034080501e-05
6.421185709064758157e+03 8.005898093034080501e-05
6.571057546036270651e+03 8.005898093034080501e-05
6.724427423484249630e+03 8.005898093034080501e-05
6.881376986415662941e+03 8.005898093034080501e-05
7.041989785449288320e+03 8.005898093034080501e-05
7.206351321293052024e+03 8.005898093034080501e-05
7.374549090259546574e+03 8.005898093034080501e-05
7.546672630843886509e+03 8.005898093034080501e-05
7.722813571388642231e+03 8.005898093034080501e-05
7.903065678861347806e+03 8.005898093034080501e-05
8.087524908770448747e+03 8.005898093034080501e-05
8.276289456246344344e+03 8.005898093034080501e-05
8.469459808314584734e+03 8.005898093034080501e-05
8.667138797389232423e+03 8.005898093034080501e-05
8.869431656014703549e+03 8.005898093034080501e-05
9.076446072885357353e+03 8.005898093034080501e-05
9.288292250172498825e+03 8.005898093034080501e-05
9.505082962189502723e+03 8.005898093034080501e-05
9.726933615426169126e+03 8.005898093034080501e-05
9.953962309984233798e+03 8.005898093034080501e-05
1.018628990244686429e+04 8.005898093034080501e-05
1.042404007021555844e+04 8.005898093034080501e-05
1.066733937734857136e+04 8.005898093034080501e-05
1.091631734193614830e+04 8.005898093034080501e-05
1.117110650504824116e+04 8.005898093034080501e-05
1.143184250129150314e+04 8.005898093034080501e-05
1.169866413101305807e+04 8.005898093034080501e-05
1.197171343418965625e+04 8.005898093034080501e-05
1.225113576604117770e+04 8.005898093034080501e-05
1.253707987440919715e+04 8.005898093034080501e-05
1.282969797894147450e+04 8.005898093034080501e-05
1.312914585212465317e+04 8.005898093034080501e-05
1.343558290220826348e+04 8.005898093034080501e-05
1.374917225806420538e+04 8.005898093034080501e-05
1.407008085602683605e+04 8.005898093034080501e-05
1.439847952876006639e+04 8.005898093034080501e-05
1.473454309619834385e+04 8.005898093034080501e-05
1.507845045861051040e+04 8.005898093034080501e-05
1.543038469183564484e+04 8.005898093034080501e-05
1.579053314474175750e+04 8.005898093034080501e-05
1.615908753895919108e+04 8.005898093034080501e-05
1.653624407094178605e+04 8.005898093034080501e-05
1.692220351641035450e+04 8.005898093034080501e-05
1.731717133723352890e+04 8.005898093034080501e-05
1.772135779080358407e+04 8.005898093034080501e-05
1.813497804196495417e+04 8.005898093034080501e-05
1.855825227755518790e+04 8.005898093034080501e-05
1.899140582361935594e+04 8.005898093034080501e-05
1.943466926536018218e+04 8.005898093034080501e-05
1.988827856988807616e+04 8.005898093034080501e-05
2.035247521183575736e+04 8.005898093034080501e-05
2.082750630190514494e+04 8.005898093034080501e-05
2.131362471841437582e+04 8.005898093034080501e-05
2.181108924191520055e+04 8.005898093034080501e-05
2.232016469295234492e+04 8.005898093034080501e-05
2.284112207303825562e+04 8.005898093034080501e-05
2.337423870891812476e+04 8.005898093034080501e-05
2.391979840020237316e+04 8.005898093034080501e-05
2.447809157044440144e+04 8.005898093034080501e-05
2.504941542174502320e+04 8.005898093034080501e-05
2.563407409296515107e+04 8.005898093034080501e-05
2.623237882163123504e+04 8.005898093034080501e-05
2.684464810961965122e+04 8.005898093034080501e-05
2.747120789270808746e+04 8.005898093034080501e-05
2.811239171408461334e+04 8.005898093034080501e-05
2.876854090190591523e+04 8.005898093034080501e-05
2.944000475100033873e+04 8.005898093034080501e-05
3.012714070881164298e+04 8.005898093034080501e-05
3.083031456568276917e+04 8.005898093034080501e-05
3.154990064958088624e+04 8.005898093034080501e-05
3.228628202536726894e+04 8.005898093034080501e-05
3.303985069871854648e+04 8.005898093034080501e-05
3.381100782480681664e+04 8.005898093034080501e-05
3.460016392185108998e+04 8.005898093034080501e-05
3.540773908965269948e+04 8.005898093034080501e-05
3.623416323323149845e+04 8.005898093034080501e-05
3.707987629168172134e+04 8.005898093034080501e-05
3.794532847236942325e+04 8.005898093034080501e-05
3.883098049059601180e+04 8.005898093034080501e-05
3.973730381485604448e+04 8.005898093034080501e-05
4.066478091781854164e+04 8.005898093034080501e-05
4.161390553316706792e+04 8.005898093034080501e-05
4.258518291843414772e+04 8.005898093034080501e-05
4.357913012397029524e+04 8.005898093034080501e-05
4.459627626819095894e+04 8.005898093034080501e-05
4.563716281924754003e+04 8.005898093034080501e-05
4.670234388327330817e+04 8.005898093034080501e-05
4.779238649935594731e+04 8.005898093034080501e-05
4.890787094139590045e+04 8.005898093034080501e-05
5.004939102700953663e+04 8.005898093034080501e-05
5.121755443364241364e+04 8.005898093034080501e-05
5.241298302206061635e+04 8.005898093034080501e-05
5.363631316739234171e+04 8.005898093034080501e-05
5.488819609789665992e+04 8.005898093034080501e-05
5.616929824163804005e+04 8.005898093034080501e-05
5.748030158125350863e+04 8.005898093034080501e-05
5.882190401699955692e+04 8.005898093034080501e-05
6.019481973827274487e+04 8.005898093034080501e-05
6.159977960380168952e+04 8.005898093034080501e-05
6.303753153071281849e+04 8.005898093034080501e-05
6.450884089267686068e+04 8.005898093034080501e-05
6.601449092734883016e+04 8.005898093034080501e-05
6.755528315331639897e+04 8.005898093034080501e-05
6.913203779678128194e+04 8.005898093034080501e-05
7.074559422819878091e+04 8.005898093034080501e-05
7.239681140910876275e+04 8.005898093034080501e-05
7.408656834939567489e+04 8.005898093034080501e-05
7.581576457522102282e+04 8.005898093034080501e-05
7.758532060787828232e+04 8.005898093034080501e-05
7.939617845382275118e+04 8.005898093034080501e-05
8.124930210614047246e+04 8.005898093034080501e-05
8.314567805772063730e+04 8.005898093034080501e-05
8.508631582640581473e+04 8.005898093034080501e-05
8.707224849239921605e+04 8.005898093034080501e-05
8.910453324821504066e+04 8.005898093034080501e-05
9.118425196146561939e+04 8.005898093034080501e-05
9.331251175078240340e+04 8.005898093034080501e-05
9.549044557518078364e+04 8.005898093034080501e-05
9.771921283717996266e+04 8.005898093034080501e-05
1.000000000000000000e+05 8.005898093034080501e-05
