# suppressed_incident_frequency_noise
# Frequency [Hz], Frequency noise [Hz/rtHz]
0.000000000000000000e+00 1.682777675659989975e-08
1.000000000000000056e-01 5.683326508008607035e-08
2.000000000000000111e-01 9.386706181522173716e-08
3.000000000000000444e-01 9.302181841142918011e-08
4.000000000000000222e-01 5.758733979452408806e-08
5.000000000000000000e-01 1.734917015665494846e-08
6.000000000000000888e-01 1.330078581872026425e-08
7.000000000000000666e-01 1.611559640974803623e-08
8.000000000000000444e-01 1.610090033636866921e-08
9.000000000000000222e-01 2.096150585143631791e-08
1.000000000000000000e+00 2.341758014674142851e-07
1.100000000000000089e+00 5.881778828045678602e-07
1.200000000000000178e+00 3.708517900438843505e-07
1.300000000000000044e+00 3.960036213426998212e-08
1.400000000000000133e+00 3.994681775570820228e-08
1.500000000000000000e+00 4.383553460142924580e-08
1.600000000000000089e+00 4.666147398943040090e-08
1.700000000000000178e+00 6.194329885377634519e-08
1.800000000000000044e+00 7.233616053076425639e-08
1.900000000000000133e+00 8.991860042262164047e-08
2.000000000000000000e+00 9.350771964527304007e-08
2.100000000000000089e+00 9.362728676867251356e-08
2.200000000000000178e+00 1.204065050149728213e-07
2.300000000000000266e+00 2.478003430101249642e-07
2.400000000000000355e+00 3.116837638202744229e-07
2.500000000000000000e+00 1.389532645593393896e-07
2.600000000000000089e+00 1.147495493617413652e-07
2.700000000000000178e+00 8.986407747769177906e-08
2.800000000000000266e+00 8.563471357401776748e-08
2.900000000000000355e+00 8.432451677649766850e-08
3.000000000000000000e+00 8.173468215873969994e-08
3.100000000000000089e+00 6.285815956428665311e-08
3.200000000000000178e+00 5.569441252836601151e-08
3.300000000000000266e+00 7.276500927312665692e-08
3.400000000000000355e+00 9.547047724045050225e-08
3.500000000000000000e+00 7.536901955789428773e-08
3.600000000000000089e+00 4.969777421909247026e-08
3.700000000000000178e+00 4.575250250669009257e-08
3.800000000000000266e+00 3.893225964138084587e-08
3.900000000000000355e+00 3.319620507403279462e-08
4.000000000000000000e+00 2.517722580844152066e-08
4.100000000000000533e+00 2.365649126327707813e-08
4.200000000000000178e+00 2.536354146034244260e-08
4.299999999999999822e+00 2.435074446606306621e-08
4.400000000000000355e+00 2.298623361930778170e-08
4.500000000000000000e+00 2.188275017311906986e-08
4.600000000000000533e+00 1.885918688380588679e-08
4.700000000000000178e+00 1.940233242271607108e-08
4.800000000000000711e+00 1.758179943937105799e-08
4.900000000000000355e+00 1.691248642149827096e-08
5.000000000000000000e+00 1.733061750593683769e-08
5.100000000000000533e+00 1.470255249008906832e-08
5.200000000000000178e+00 1.487501544521675861e-08
5.300000000000000711e+00 1.592929332845636213e-08
5.400000000000000355e+00 1.422003658850174714e-08
5.500000000000000000e+00 1.388933722374142307e-08
5.690488039647896734e+00 1.270819177478207087e-08
5.792354349950747050e+00 1.210841384850787407e-08
5.896044184897252016e+00 1.029861084104643423e-08
6.001590187685306610e+00 9.746673973856802722e-09
6.109025585863760099e+00 9.602775230681402285e-09
6.218384201792975574e+00 1.028331829071114624e-08
6.329700463292646795e+00 1.024871481158620112e-08
6.443009414480209252e+00 9.870943466904478581e-09
6.558346726803291560e+00 8.858206507831986211e-09
6.675748710269645336e+00 8.433127377406972131e-09
6.795252324878115147e+00 7.820629166544380958e-09
6.916895192254220781e+00 7.876642904712942914e-09
7.040715607494047568e+00 7.416683132728740379e-09
7.166752551220141321e+00 6.960948863447767712e-09
7.295045701853230646e+00 7.516707421879955995e-09
7.425635448103615310e+00 6.860046425687935719e-09
7.558562901686169511e+00 7.151846074820311824e-09
7.693869910262962186e+00 7.259268060311828830e-09
7.831599070617565772e+00 6.840819633672364040e-09
7.971793742065186983e+00 7.129131455585383454e-09
8.114498060102869559e+00 7.490694347075185360e-09
8.259756950304044665e+00 6.848127237616171061e-09
8.407616142461817432e+00 6.691869312201240933e-09
8.558122184985416325e+00 6.161974439261191539e-09
8.711322459554377673e+00 7.030989976697635104e-09
8.867265196035036823e+00 6.752705016692464642e-09
9.025999487664066123e+00 6.148123901300287045e-09
9.187575306503791950e+00 6.407039630749905027e-09
9.352043519174182862e+00 6.320273256015768545e-09
9.519455902866479136e+00 6.355048467068269973e-09
9.689865161643465896e+00 6.124553049693844791e-09
9.863324943031539505e+00 6.444209778928297222e-09
1.003988985490979324e+01 6.560792857440851216e-09
1.021961548270146025e+01 6.300788615233647759e-09
1.040255840687305877e+01 6.237195443335615212e-09
1.058877622074682989e+01 6.998608234113060329e-09
1.077832754863201892e+01 6.965437647144866552e-09
1.097127206428074508e+01 6.553479389158562070e-09
1.116767050967421682e+01 6.986239321422425086e-09
1.136758471414530902e+01 6.395444533073416976e-09
1.157107761384336975e+01 7.591784619767588639e-09
1.177821327154753384e+01 6.371028717663977592e-09
1.198905689683470044e+01 6.469786741665570561e-09
1.220367486660853373e+01 7.027616857595123999e-09
1.242213474599595635e+01 7.060770663230155029e-09
1.264450530961772934e+01 7.020817744990103139e-09
1.287085656323977112e+01 7.347349739424215650e-09
1.310125976581211127e+01 7.101649024634458834e-09
1.333578745190229498e+01 7.634334315838061690e-09
1.357451345453042890e+01 7.545716267192915861e-09
1.381751292841298806e+01 7.960663122881295825e-09
1.406486237362269520e+01 7.410825081794998619e-09
1.431663965967196006e+01 7.331242028370444426e-09
1.457292405002742974e+01 8.191759580878726827e-09
1.483379622706337209e+01 8.243259114113461129e-09
1.509933831746179145e+01 8.238341795447061075e-09
1.536963391806716039e+01 8.572040715667631621e-09
1.564476812220405932e+01 8.617809657367295224e-09
1.592482754646588639e+01 7.657512482855788377e-09
1.620990035798313400e+01 8.103253937001221181e-09
1.650007630217978871e+01 8.422725914713055626e-09
1.679544673102662244e+01 8.782159551765851171e-09
1.709610463180020545e+01 8.132880444338932929e-09
1.740214465635682473e+01 7.895060898143073935e-09
1.771366315093031218e+01 8.572220022382663235e-09
1.803075818646341588e+01 8.407243720625332042e-09
1.835352958948206137e+01 8.499474572663467086e-09
1.868207897352231583e+01 7.999963489249767643e-09
1.901650977111994223e+01 9.092974054707961251e-09
1.935692726637258332e+01 9.102400548700028271e-09
1.970343862808489988e+01 9.033309616104554688e-09
2.005615294350693389e+01 9.514433697667416158e-09
2.041518125267655392e+01 9.443986612870732561e-09
2.078063658337658737e+01 1.028856923806105028e-08
2.115263398671776329e+01 9.760483483989382885e-09
2.153129057335861063e+01 9.917702499032249305e-09
2.191672555037374792e+01 8.970445435941427706e-09
2.230906025878214649e+01 1.032539796777561020e-08
2.270841821174724018e+01 9.876909882870092818e-09
2.311492513346074062e+01 9.971666108572573293e-09
2.352870899872267074e+01 1.050209151741885344e-08
2.394990007322981995e+01 1.021997562178061053e-08
2.437863095458545359e+01 1.044341354694615001e-08
2.481503661404311956e+01 1.098071316146112629e-08
2.525925443899775047e+01 1.085798370451816485e-08
2.571142427623736282e+01 1.065010856288332987e-08
2.617168847596908421e+01 1.108759423863711451e-08
2.664019193663316898e+01 1.050467056258611927e-08
2.711708215051937998e+01 1.135993308087408108e-08
2.760250925019985502e+01 1.129244584086424192e-08
2.809662605579324435e+01 1.065736623263826396e-08
2.859958812307485942e+01 1.135419298303972755e-08
2.911155379244812380e+01 1.234584697900342739e-08
2.963268423879259572e+01 1.164115028754172832e-08
3.016314352220443595e+01 1.210701817500012828e-08
3.070309863964502028e+01 1.249176242285483885e-08
3.125271957751429142e+01 1.135386907475208189e-08
3.181217936516513234e+01 1.166498605889730050e-08
3.238165412937576093e+01 1.257531289241925754e-08
3.296132314979720235e+01 1.284107674660828763e-08
3.355136891539333988e+01 1.296178715527678333e-08
3.415197718189140375e+01 1.362449236572656035e-08
3.476333703026070765e+01 1.341275951955139498e-08
3.538564092623835933e+01 1.339925500763946787e-08
3.601908478092055788e+01 1.329427119748874936e-08
3.666386801243842797e+01 1.301854551928408612e-08
3.732019360873805880e+01 1.413203895165634523e-08
3.798826819148429479e+01 1.364889921821332888e-08
3.866830208110846456e+01 1.418513622067404074e-08
3.936050936302067527e+01 1.435601737238778494e-08
4.006510795500714295e+01 1.456676970762804128e-08
4.078231967583426609e+01 1.500249781171705387e-08
4.151237031508060937e+01 1.428093533198049309e-08
4.225548970421907313e+01 1.528904417739033117e-08
4.301191178897144596e+01 1.511538754819622049e-08
4.378187470295823402e+01 1.543757798007260707e-08
4.456562084266683144e+01 1.585739962694389568e-08
4.536339694376188447e+01 1.492574991753104633e-08
4.617545415876142556e+01 1.558783717926380105e-08
4.700204813610375254e+01 1.535874860634669018e-08
4.784343910062955985e+01 1.612136402451664351e-08
4.869989193550483719e+01 1.682438642553504869e-08
4.957167626561027873e+01 1.642805550642059519e-08
5.045906654242345013e+01 1.676133549132084357e-08
5.136234213042040153e+01 1.726821652096815241e-08
5.228178739502416761e+01 1.752369619879603305e-08
5.321769179212729739e+01 1.799413098940020746e-08
5.417034995921726903e+01 1.823586335581261860e-08
5.514006180813297675e+01 1.767485125278117065e-08
5.612713261948174193e+01 1.746527865855847537e-08
5.713187313874644957e+01 1.849512130868708236e-08
5.815459967411311482e+01 2.005468442536716296e-08
5.919563419604980226e+01 1.863273326115452129e-08
6.025530443866787067e+01 2.871944571110946451e-08
6.133394400289792259e+01 1.972538825570947037e-08
6.243189246151264626e+01 1.993215290150615711e-08
6.354949546602967558e+01 1.987993612189071071e-08
6.468710485552816181e+01 2.134999171486714373e-08
6.584507876741322718e+01 2.121620904280044907e-08
6.702378175016335149e+01 2.114655598140273464e-08
6.822358487809597705e+01 2.184144600164368073e-08
6.944486586818747753e+01 2.244570877604073451e-08
7.068800919898453117e+01 2.183902249919942824e-08
7.195340623164399574e+01 2.252862497196838330e-08
7.324145533313956946e+01 2.256695799057342263e-08
7.455256200167404756e+01 2.379918049550260563e-08
7.588713899433652443e+01 2.352432034278599058e-08
7.724560645704484330e+01 2.336141642085245257e-08
7.862839205681426336e+01 2.408651606835985733e-08
8.003593111639365532e+01 2.531680194853892099e-08
8.146866675131199997e+01 2.554158339407169008e-08
8.292705000937824877e+01 2.628943216910560498e-08
8.441154001267823048e+01 2.610701437420489015e-08
8.592260410211353872e+01 2.662919149019858431e-08
8.746071798452784662e+01 2.645343652897691164e-08
8.902636588246686244e+01 2.970409179969271429e-08
9.062004068661946121e+01 2.857914327441619208e-08
9.224224411098714427e+01 2.853772713556131298e-08
9.389348685083176349e+01 2.936315244170311648e-08
9.557428874345033876e+01 3.031789146975650736e-08
9.728517893182811349e+01 3.131654178266281512e-08
9.902669603122109265e+01 3.454411864573955043e-08
1.007993882987205865e+02 3.444920731673887440e-08
1.026038138058534486e+02 3.813966333317891873e-08
1.044405406142714128e+02 5.332849350792371161e-08
1.063101469545861590e+02 6.311693963538184594e-08
1.082132214084053601e+02 5.214671951722274600e-08
1.101503630936274760e+02 4.328712443724946736e-08
1.121221818530535046e+02 4.685743461915014790e-08
1.141292984463752020e+02 5.492516860108098076e-08
1.161723447455999292e+02 5.651385361680961898e-08
1.182519639339740394e+02 6.728167295709807061e-08
1.203688107084670662e+02 8.438586681773233294e-08
1.225235514858807022e+02 7.217812152728462881e-08
1.247168646126471856e+02 7.381370536359679749e-08
1.269494405783839852e+02 7.026145222762247053e-08
1.292219822332700971e+02 6.779959001034084950e-08
1.315352050093148648e+02 6.641338934793460749e-08
1.338898371455871654e+02 7.614585461426608196e-08
1.362866199174765427e+02 7.550674493871771273e-08
1.387263078700584629e+02 7.347477860043489853e-08
1.412096690556369651e+02 7.708805705415640487e-08
1.437374852755397114e+02 8.200512912387940584e-08
1.463105523262413215e+02 8.782160780919365051e-08
1.489296802498927832e+02 1.110517355127885572e-07
1.515956935893354398e+02 1.025972520887501300e-07
1.543094316476800145e+02 9.323736426425418891e-08
1.570717487525327556e+02 8.534974265359865071e-08
1.598835145249509537e+02 8.542149542210701413e-08
1.627456141532135518e+02 9.379128463943866528e-08
1.656589486714922828e+02 9.705166925627882270e-08
1.686244352435119538e+02 1.108117033156957782e-07
1.716430074512872181e+02 1.125938014812732829e-07
1.747156155890295395e+02 1.150304861691570401e-07
1.778432269623146738e+02 1.486791398557745709e-07
1.810268261926057676e+02 1.603339824869312355e-07
1.842674155272276550e+02 1.274134590377802915e-07
1.875660151548902377e+02 1.125118665049012113e-07
1.909236635268600537e+02 1.041661932496928917e-07
1.943414176838809624e+02 1.022503340863965662e-07
1.978203535889474267e+02 9.891768592808921747e-08
2.013615664660345601e+02 9.835304659270216161e-08
2.049661711448920585e+02 9.917066724436319995e-08
2.086353024120100201e+02 1.017242348479130476e-07
2.123701153678678679e+02 1.018801060215401906e-07
2.161717857905778430e+02 1.052970321994368755e-07
2.200415105060395433e+02 1.030042698914840288e-07
2.239805077647181406e+02 1.057918607816591366e-07
2.279900176251698838e+02 1.074489117815288516e-07
2.320713023444318992e+02 1.073846983366271140e-07
2.362256467754005200e+02 1.125241050275129728e-07
2.404543587713233990e+02 1.158581295362591089e-07
2.447587695975323356e+02 1.139159117827789541e-07
2.491402343505465637e+02 1.291242680878223395e-07
2.536001323846786875e+02 1.235681049850834542e-07
2.581398677462769911e+02 1.187221456294287331e-07
2.627608696157416830e+02 1.214688615952325110e-07
2.674645927574532038e+02 1.263715581330967484e-07
2.722525179777550761e+02 1.259372324123603011e-07
2.771261525911353942e+02 1.291087644491434413e-07
2.820870308947528997e+02 1.358706941835873913e-07
2.871367146514577371e+02 1.357718777113913512e-07
2.922767935814604812e+02 1.415847771429014383e-07
2.975088858627991044e+02 1.425693391869914135e-07
3.028346386407683895e+02 1.476397201625461327e-07
3.082557285464667416e+02 1.533859653015331942e-07
3.137738622246263844e+02 1.616504327549928123e-07
3.193907768708920685e+02 1.680837881862043481e-07
3.251082407787175157e+02 1.717110189879827044e-07
3.309280538960522335e+02 1.755756238307160939e-07
3.368520483919935486e+02 1.809445822038395664e-07
3.428820892335824624e+02 1.867027585155543292e-07
3.490200747729245450e+02 1.966448743384001357e-07
3.552679373448215188e+02 2.009495422953057442e-07
3.616276438751002047e+02 2.143578109766847254e-07
3.681011964998324402e+02 2.231277843936676631e-07
3.746906331956383838e+02 2.296388077522112853e-07
3.813980284212753986e+02 2.412911455154149788e-07
3.882254937707081126e+02 2.638465717179010529e-07
3.951751786378732163e+02 2.667101753031696456e-07
4.022492708933418726e+02 2.804554172916335591e-07
4.094499975730964820e+02 2.907335742199019866e-07
4.167796255796362175e+02 2.989697967978074530e-07
4.242404623956342675e+02 3.098923538083833003e-07
4.318348568103693879e+02 3.273231093376990102e-07
4.395651996591620900e+02 3.644415375495393225e-07
4.474339245760473887e+02 3.967659690952244638e-07
4.554435087599210874e+02 4.322934995654039176e-07
4.635964737544013019e+02 5.405143926213509292e-07
4.718953862416500442e+02 7.648234453334605578e-07
4.803428588504054915e+02 1.163233677174372127e-06
4.889415509784785172e+02 9.520550697103134880e-07
4.976941696299729756e+02 6.431886462165476153e-07
5.066034702674950836e+02 7.734316957337954076e-07
5.156722576796136082e+02 6.017628786004294897e-07
5.249033868638538252e+02 6.018371410587851980e-07
5.342997639254950855e+02 6.006748206482044096e-07
5.438643469924586498e+02 5.908471741108796230e-07
5.536001471465732493e+02 6.284364674310609199e-07
5.635102293715112864e+02 6.418935292234754314e-07
5.735977135176938191e+02 6.613230140699019992e-07
5.838657752844688957e+02 6.935611840242205149e-07
5.943176472198720148e+02 7.208268127999498859e-07
6.049566197382829387e+02 7.577909380756808314e-07
6.157860421563005957e+02 7.907457438710776976e-07
6.268093237471603061e+02 9.178344687519094684e-07
6.380299348140275697e+02 1.324242981292636667e-06
6.494514077825027698e+02 1.394263069071787638e-06
6.610773383126879708e+02 1.439647899824945457e-06
6.729113864311531188e+02 1.051334735674855609e-06
6.849572776831729470e+02 1.004635633911629654e-06
6.972188043055869002e+02 1.059300343833678033e-06
7.096998264206549720e+02 1.209403349168999156e-06
7.224042732512856446e+02 1.164654757966785765e-06
7.353361443580166679e+02 1.213023904815705823e-06
7.484995108981405565e+02 1.245540540323608165e-06
7.618985169073686166e+02 1.303426364750798157e-06
7.755373806044392495e+02 1.496807255363936563e-06
7.894203957190796928e+02 1.617038310998573696e-06
8.035519328437400191e+02 1.498320130607361885e-06
8.179364408095245835e+02 1.761761952176130609e-06
8.325784480867541788e+02 2.044796923576252027e-06
8.474825642106006853e+02 2.084694649686889607e-06
8.626534812322398693e+02 1.756358720635047283e-06
8.780959751959871937e+02 1.770695969237526179e-06
8.938149076428663875e+02 1.824252196709268827e-06
9.098152271411033780e+02 1.917866555515185560e-06
9.261019708440124987e+02 1.972337402575996900e-06
9.426802660757718968e+02 2.099067817073356849e-06
9.595553319455863175e+02 2.171188754996343821e-06
9.767324809907449890e+02 2.246200929520814372e-06
9.942171208490924528e+02 2.307306055558981568e-06
1.012014755961438254e+03 2.434104843338811495e-06
1.030130989304441982e+03 2.496693453913060890e-06
1.048571524154518329e+03 2.573823111199012413e-06
1.067342165883319240e+03 2.717144776238331358e-06
1.086448823785356808e+03 2.800812557256462156e-06
1.105897512938341151e+03 2.917515791283676648e-06
1.125694356096822276e+03 3.020510797635037772e-06
1.145845585619733811e+03 3.139398450349844145e-06
1.166357545432431152e+03 3.243614264563461803e-06
1.187236693023864063e+03 3.405115014464505516e-06
1.208489601479495150e+03 3.566184235717505872e-06
1.230122961550610626e+03 3.673356777087670948e-06
1.252143583760675256e+03 3.783164027152014991e-06
1.274558400549391763e+03 3.987994625831327328e-06
1.297374468455142733e+03 4.172440461608008068e-06
1.320598970336500997e+03 4.324066121093382052e-06
1.344239217633505632e+03 4.445814340856993834e-06
1.368302652669420468e+03 4.524709380329630280e-06
1.392796850993693397e+03 4.787191217582693759e-06
1.417729523766859757e+03 4.915978422507264207e-06
1.443108520188137618e+03 5.052160431802666869e-06
1.468941829966479645e+03 5.210028147215531579e-06
1.495237585835857317e+03 5.436121513986703530e-06
1.522004066115581509e+03 5.583378115999493058e-06
1.549249697316438187e+03 5.928246079795816485e-06
1.576983056793492779e+03 6.012982197472084889e-06
1.605212875446376756e+03 6.289866480019705451e-06
1.633948040467911596e+03 6.548941417082732979e-06
1.663197598141938442e+03 6.750650581132942454e-06
1.692970756691230008e+03 7.047727973242375114e-06
1.723276889176385566e+03 7.493305314703329054e-06
1.754125536446618071e+03 7.497124972940291412e-06
1.785526410143364046e+03 7.820929398375125555e-06
1.817489395757661896e+03 8.101592563366802417e-06
1.850024555742261100e+03 8.369215283603478699e-06
1.883142132679440010e+03 8.660751486634100441e-06
1.916852552505534049e+03 9.044044315897180753e-06
1.951166427793182265e+03 9.309767708937865757e-06
1.986094561092340200e+03 9.667429905750515585e-06
2.021647948331083398e+03 1.004656910080177747e-05
2.057837782277304996e+03 1.037886744338234688e-05
2.094675456062374906e+03 1.066199676485845885e-05
2.132172566767877925e+03 1.113607501343567381e-05
2.170340919076556929e+03 1.156178276279083224e-05
2.209192528988614413e+03 1.200959496023443469e-05
2.248739627604538782e+03 1.240793640392775460e-05
2.288994664975649357e+03 1.329335307536805847e-05
2.329970314023566516e+03 1.583319809693619604e-05
2.371679474529849358e+03 2.227674936040393731e-05
2.414135277197050527e+03 1.768303644221241362e-05
2.457351087782469676e+03 1.855280195331779686e-05
2.501340511305902055e+03 3.107811197011869963e-05
2.546117396332717362e+03 6.124827416678235595e-05
2.591695839333600816e+03 2.360088085644407446e-05
2.638090189122358424e+03 2.046175451789157882e-05
2.685315051373132064e+03 3.435879749839997196e-05
2.733385293218508195e+03 2.885538136960114221e-05
2.782316047929922206e+03 3.815659321818486627e-05
2.832122719681853596e+03 2.074395079627664240e-05
2.882820988401300383e+03 2.331083313430866197e-05
2.934426814704070239e+03 2.283226776113278275e-05
2.986956444919434034e+03 2.574682601677885532e-05
3.040426416204725228e+03 2.590497149897861602e-05
3.094853561751499910e+03 2.443350320586251884e-05
3.150255016084891395e+03 2.600124212421960694e-05
3.206648220457828756e+03 2.696207281993017043e-05
3.264050928341818235e+03 2.848965215535736694e-05
3.322481211016017824e+03 2.906353915513058486e-05
3.381957463256356732e+03 3.048421073604932639e-05
3.442498409126516890e+03 3.127919443445938770e-05
3.504123107872540913e+03 3.300958290944085822e-05
3.566850959922999664e+03 3.465446784370940144e-05
3.630701712996548395e+03 3.900572385441695479e-05
3.695695468318822350e+03 3.836963337010988382e-05
3.761852686950618590e+03 4.155174890822808454e-05
3.829194196229361751e+03 4.838787826263387943e-05
3.897741196325879628e+03 5.137016670578226682e-05
3.967515266918550424e+03 6.435547730980604889e-05
4.038538373986926217e+03 7.792241806590524884e-05
4.110832876726973154e+03 7.808370722806666866e-05
4.184421534590093870e+03 7.043106438708818067e-05
4.259327514448170405e+03 7.549654072075038472e-05
4.335574397886853149e+03 6.841040874596782204e-05
4.413186188629421849e+03 6.780516341548264872e-05
4.492187320093529706e+03 6.969801128511233959e-05
4.572602663083249354e+03 7.304261526174218497e-05
4.654457533618765410e+03 7.826808504543845491e-05
4.737777700906278369e+03 8.515825799138445446e-05
4.822589395450550001e+03 9.253953533095441364e-05
4.908919317312683233e+03 1.018133730737192115e-04
4.996794644515722212e+03 1.205137957092273658e-04
5.086243041600721881e+03 1.152971442586083590e-04
5.177292668335984672e+03 1.153445716520200986e-04
5.269972188582199124e+03 1.187355757214297793e-04
5.364310779316278058e+03 1.418015690023534739e-04
5.460338139816727562e+03 1.266242002585656566e-04
5.558084501013452609e+03 1.377677454914613252e-04
5.657580635004929718e+03 1.354928087960339676e-04
5.758857864745750703e+03 1.507244994654409324e-04
5.861948073907577054e+03 1.957938476918013432e-04
5.966883716916647245e+03 1.954521838003496807e-04
6.073697829170905607e+03 1.948753762989838419e-04
6.182424037440093343e+03 1.982330054880739956e-04
6.293096570451980369e+03 3.022142989438380851e-04
6.405750269668109468e+03 2.445535950223516500e-04
6.520420600252436998e+03 2.577298435473795155e-04
6.637143662236328964e+03 2.780267162611961443e-04
6.755956201883421272e+03 3.256167623836735874e-04
6.876895623257922125e+03 3.666035760960682701e-04
7.000000000000001819e+03 4.153917094885664022e-04
