# suppressed_mode_cleaner_shot_noise
# Frequency [Hz], Frequency noise [Hz/rtHz]
1.000000000000000000e+00 4.759169833148740094e-11
1.023340212191641951e+00 4.628234604481580336e-11
1.047225189888434826e+00 4.502318146746755648e-11
1.071667648032863518e+00 4.381205015180515789e-11
1.096680598336868373e+00 4.264690385350285520e-11
1.122277356208507770e+00 4.152579556645651482e-11
1.148471547840289375e+00 4.044687477071683579e-11
1.175277117462945276e+00 3.940838288567211684e-11
1.202708334768511689e+00 3.840864892105796831e-11
1.230779802506665188e+00 3.744608531868845538e-11
1.259506464258357994e+00 3.651918397809702093e-11
1.288903612390892794e+00 3.562651245954181799e-11
1.318986896198670156e+00 3.476671035807608339e-11
1.349772330233942386e+00 3.393848584261042516e-11
1.381276302832009639e+00 3.314061235410186045e-11
1.413515584835395522e+00 3.237192545720056076e-11
1.446507338521646702e+00 3.163131983986486865e-11
1.480269126739509167e+00 3.091774645562780526e-11
1.514818922258345912e+00 3.023020980335963301e-11
1.550175117335770070e+00 2.956776533952617312e-11
1.586356533508590516e+00 2.892951701809198408e-11
1.623382431612278687e+00 2.831461495336124870e-11
1.661272522034292987e+00 2.772225320119187757e-11
1.700046975206717548e+00 2.715166765415545108e-11
1.739726432343801532e+00 2.660213404635346129e-11
1.780332016430113962e+00 2.607296606373606256e-11
1.821885343465166729e+00 2.556351355590491364e-11
1.864408533970486337e+00 2.507316084551634287e-11
1.907924224765265686e+00 2.460132513153727236e-11
1.952455581016861119e+00 2.414745498274130599e-11
1.998026308572550258e+00 2.371102891796871920e-11
2.044660666579116715e+00 2.329155406981105156e-11
2.092383480396977635e+00 2.288856492851768489e-11
2.141220154815729249e+00 2.250162216306008088e-11
2.191196687578149227e+00 2.213031151642705501e-11
2.242339683219845892e+00 2.177424277236342673e-11
2.294676367231936354e+00 2.143304879090236021e-11
2.348234600554276241e+00 2.110638461018161329e-11
2.403042894406968610e+00 2.079392661217132465e-11
2.459130425468044834e+00 2.049537175008084311e-11
2.516527051405391457e+00 2.021043683534917314e-11
2.575263326771200845e+00 1.993885788226250856e-11
2.635370519267394407e+00 1.968038950837882466e-11
2.696880626390693259e+00 1.943480438907660388e-11
2.759826392466180334e+00 1.920189276468059578e-11
2.824241326078435144e+00 1.898146199875275959e-11
2.890159717909509762e+00 1.877333618627106071e-11
2.957616658993253989e+00 1.857735581055208853e-11
3.026648059395691703e+00 1.839337744790685851e-11
3.097290667331408898e+00 1.822127351915042789e-11
3.169582088726115909e+00 1.806093208721792238e-11
3.243560807235811527e+00 1.791225670026986441e-11
3.319266204733188896e+00 1.777516627979979744e-11
3.396738582272207818e+00 1.764959505338710328e-11
3.476019181541978309e+00 1.753549253186675249e-11
3.557150206821385829e+00 1.743282353081777334e-11
3.640174847446140394e+00 1.734156823640085406e-11
3.725137300800211548e+00 1.726172231570575200e-11
3.812082795843889205e+00 1.719329707189928619e-11
3.901057617190992310e+00 1.713631964459609210e-11
3.992109129748051544e+00 1.709083325600692467e-11
4.085285803928562665e+00 1.705689750355382915e-11
4.180637241455757547e+00 1.703458869977726958e-11
4.278214201767616132e+00 1.702400026050049273e-11
4.378068629038168957e+00 1.702524314235784681e-11
4.480253679829490743e+00 1.703844633094023991e-11
4.584823751389095925e+00 1.706375738096184498e-11
4.691834510607797881e+00 1.710134301000782319e-11
4.801342923653452388e+00 1.715138974758511036e-11
4.913407286296362919e+00 1.721410464136757280e-11
5.028087254942478879e+00 1.728971602270399147e-11
5.145443878390927317e+00 1.737847433364401765e-11
5.265539630332757071e+00 1.748065301793420258e-11
5.388438442608223689e+00 1.759654947864480848e-11
5.514205739240300552e+00 1.772648610531068421e-11
5.642908471262539472e+00 1.787081137370563950e-11
5.774615152359821479e+00 1.802990102162408036e-11
5.909395895340971094e+00 1.820415930431495803e-11
6.047322449462647853e+00 1.839402033350565327e-11
6.188468238624386331e+00 1.859994950426848363e-11
6.332908400455115050e+00 1.882244501432170372e-11
6.480719826311969634e+00 1.906203948072448276e-11
6.631981202212672066e+00 1.931930165932148866e-11
6.786773050723296841e+00 1.959483827272261259e-11
6.945177773823695944e+00 1.988929595306780384e-11
7.107279696773416866e+00 2.020336330633066035e-11
7.273165113001457627e+00 2.053777310545953564e-11
7.442922330043759693e+00 2.089330462024518377e-11
7.616641716552892127e+00 2.127078609244299046e-11
7.794415750404948717e+00 2.167109736537011408e-11
7.976339067929276716e+00 2.209517267794537951e-11
8.162508514287228678e+00 2.254400363394876676e-11
8.353023195026777259e+00 2.301864235815207647e-11
8.547984528840409268e+00 2.352020485191486845e-11
8.747496301554416931e+00 2.404987456185936013e-11
8.951664721378302048e+00 2.460890617633512021e-11
9.160598475443707756e+00 2.519862966556834029e-11
9.374408787662995124e+00 2.582045458266511693e-11
9.593209477938243523e+00 2.647587464400883443e-11
9.817117022752192668e+00 2.716647260906848218e-11
1.004625061717340806e+01 2.789392548121963755e-11
1.028073223830865324e+01 2.866001005288497859e-11
1.052068671023622848e+01 2.946660882013060656e-11
1.076624177045493269e+01 3.031571629382004063e-11
1.101752813788386831e+01 3.120944573653505022e-11
1.127467958244946722e+01 3.215003635673510176e-11
1.153783299629660775e+01 3.313986099405041811e-11
1.180712846666189719e+01 3.418143433220500018e-11
1.208270935044776628e+01 3.527742167884963264e-11
1.236472235053714996e+01 3.643064835457025521e-11
1.265331759388942956e+01 3.764410973653375276e-11
1.294864871145904317e+01 3.892098200565454645e-11
1.325087291997953187e+01 4.026463364983144533e-11
1.356015110565633286e+01 4.167863777972405244e-11
1.387664790981308549e+01 4.316678531773638750e-11
1.420053181653682373e+01 4.473309912536246828e-11
1.453197524236896143e+01 4.638184913885159760e-11
1.487115462808953836e+01 4.811756858828277631e-11
1.521825053264386263e+01 4.994507138062727915e-11
1.557344772926134269e+01 5.186947073324056868e-11
1.593693530381774437e+01 5.389619915049042845e-11
1.630890675549332514e+01 5.603102984292303458e-11
1.668956009978024113e+01 5.828009969550876537e-11
1.707909797389427808e+01 6.064993389914520827e-11
1.747772774464680978e+01 6.314747236773041556e-11
1.788566161883461803e+01 6.578009807181214657e-11
1.830311675620611922e+01 6.855566742908385790e-11
1.873031538506437599e+01 7.148254290188554460e-11
1.916748492056814968e+01 7.456962796240796205e-11
1.961485808579430312e+01 7.782640459754153187e-11
2.007267303562569438e+01 8.126297353729046506e-11
2.054117348353064187e+01 8.489009740345121891e-11
2.102060883130158331e+01 8.871924698886721193e-11
2.151123430182166274e+01 9.276265089208774609e-11
2.201331107493031425e+01 9.703334874772803456e-11
2.252710642645980244e+01 1.015452483093140678e-10
2.305289387051708516e+01 1.063131866589780845e-10
2.359095330508635158e+01 1.113529958371016219e-10
2.414157116103018907e+01 1.166815732049840683e-10
2.470504055456825299e+01 1.223169568749137140e-10
2.528166144331499154e+01 1.282784065647314482e-10
2.587174078595922566e+01 1.345864902582049714e-10
2.647559270567066747e+01 1.412631770783727044e-10
2.709353865732051503e+01 1.483319368085879700e-10
2.772590759860482379e+01 1.558178465254043117e-10
2.837303616516213012e+01 1.637477048388441397e-10
2.903526884977813793e+01 1.721501542690839404e-10
2.971295818577334202e+01 1.810558123243560058e-10
3.040646493467066946e+01 1.904974118830226447e-10
3.111615827824361347e+01 2.005099515235330190e-10
3.184241601504653119e+01 2.111308564894389446e-10
3.258562476153224452e+01 2.224001510230753848e-10
3.334618015786364253e+01 2.343606428510356238e-10
3.412448707852889385e+01 2.470581206574251837e-10
3.492095984787271590e+01 2.605415654372817975e-10
3.573602246065786403e+01 2.748633766826849341e-10
3.657010880777491479e+01 2.900796144182381744e-10
3.742366290721980704e+01 3.062502581709724255e-10
3.829713914046281076e+01 3.234394840326050389e-10
3.919100249433404315e+01 3.417159610497022054e-10
4.010572880855495725e+01 3.611531682599692258e-10
4.104180502904709016e+01 3.818297337808521222e-10
4.199972946715303834e+01 4.038297974502350234e-10
4.298001206490796022e+01 4.272433986185337895e-10
4.398317466650223651e+01 4.521668907972137739e-10
4.500975129608046643e+01 4.787033849811013992e-10
4.606028844202400307e+01 5.069632235810375949e-10
4.713534534786909802e+01 5.370644870299022852e-10
4.823549431001467269e+01 5.691335352590713218e-10
4.936132098237916921e+01 6.033055863844032190e-10
5.051342468816763898e+01 6.397253350911541912e-10
5.169241873891598260e+01 6.785476133663098359e-10
5.289893076098150715e+01 7.199380963948921311e-10
5.413360302965378423e+01 7.640740566144070567e-10
5.539709281106403438e+01 8.111451691090244547e-10
5.669007271207433973e+01 8.613543717226814381e-10
5.801323103833378525e+01 9.149187834786050038e-10
5.936727216069122903e+01 9.720706851118530020e-10
6.075291689016074059e+01 1.033058565752100391e-09
6.217090286163826818e+01 1.098148240035949471e-09
6.362198492657488913e+01 1.167624040182300838e-09
6.510693555481458361e+01 1.241790087830609757e-09
6.662654524581149929e+01 1.320971650720910184e-09
6.818162294944478674e+01 1.405516589586043698e-09
6.977299649665533821e+01 1.495796900931166510e-09
7.140151304013399169e+01 1.592210361693229177e-09
7.306803950529499048e+01 1.695182282103705954e-09
7.477346305177587737e+01 1.805167373421711963e-09
7.651869154570822218e+01 1.922651737561083679e-09
7.830465404301186538e+01 2.048154986004578988e-09
8.013230128396887153e+01 2.182232495779880223e-09
8.200260619934130091e+01 2.325477810665880892e-09
8.391656442830156948e+01 2.478525196202674206e-09
8.587519484845171291e+01 2.642052357494276942e-09
8.787954011821319966e+01 2.816783329218325915e-09
8.993066723187618550e+01 3.003491547690838894e-09
9.202966808760415063e+01 3.203003115275171684e-09
9.417766006869518947e+01 3.416200267870990146e-09
9.637578663841088655e+01 3.644025056669867423e-09
9.862521794868779068e+01 3.887483255816578250e-09
1.009271514630570863e+02 4.147648508067499732e-09
1.032828125941028503e+02 4.425666720986581159e-09
1.056934553557988323e+02 4.722760726662861083e-09
1.081603630310709434e+02 5.040235218367675864e-09
1.106848488549411940e+02 5.379481977991774888e-09
1.132682567136153722e+02 5.741985408507543214e-09
1.159119618598885779e+02 6.129328386087020905e-09
1.186173716452478004e+02 6.543198446866111922e-09
1.213859262690627645e+02 6.985394323676193942e-09
1.242190995452617415e+02 7.457832848359595132e-09
1.271183996869028903e+02 7.962556235542307193e-09
1.300853701090570667e+02 8.501739763947361526e-09
1.331215902504307564e+02 9.077699871492797375e-09
1.362286764141646813e+02 9.692902680521243152e-09
1.394082826282577230e+02 1.034997296955044903e-08
1.426621015260736840e+02 1.105170360790773593e-08
1.459918652473978682e+02 1.180106546951237615e-08
1.493993463605257830e+02 1.260121784189438829e-08
1.528863588058729590e+02 1.345551934627917418e-08
1.564547588616095766e+02 1.436753938422336327e-08
1.601064461318317740e+02 1.534107012585436951e-08
1.638433645577984805e+02 1.638013905424356947e-08
1.676675034527699211e+02 1.748902207982824196e-08
1.715808985610004811e+02 1.867225723809489914e-08
1.755856331414468912e+02 1.993465898294491219e-08
1.796838390767719318e+02 2.128133308729321448e-08
1.838776980082326986e+02 2.271769216150313654e-08
1.881694424970555701e+02 2.424947179924934266e-08
1.925613572129198587e+02 2.588274735933977794e-08
1.970557801501798281e+02 2.762395139092752684e-08
2.016551038724746547e+02 2.947989170842895737e-08
2.063617767863858603e+02 3.145777012135423399e-08
2.111783044448244482e+02 3.356520182318031848e-08
2.161072508808376540e+02 3.581023544237782595e-08
2.211512399725488649e+02 3.820137375778399284e-08
2.263129568399529603e+02 4.074759507972049298e-08
2.315951492743152187e+02 4.345837529763866401e-08
2.370006292009327922e+02 4.634371059466608629e-08
2.425322741760352869e+02 4.941414082927849472e-08
2.481930289186255152e+02 5.268077358448264195e-08
2.539859068780723987e+02 5.615530888539577865e-08
2.599139918382932706e+02 5.985006458702018688e-08
2.659804395593758386e+02 6.377800243535649643e-08
2.721884794575179853e+02 6.795275480684177066e-08
2.785414163241766232e+02 7.238865213346309918e-08
2.850426320853434845e+02 7.710075102382676553e-08
2.916955876018795948e+02 8.210486309397936331e-08
2.985038245118729492e+02 8.741758452591409678e-08
3.054709671159968138e+02 9.305632637643774809e-08
3.126007243068703474e+02 9.903934566444845588e-08
3.198968915434537621e+02 1.053857772706538404e-07
3.273633528715244552e+02 1.121156666903136695e-07
3.350040829913132825e+02 1.192500036866947952e-07
3.428231493733970865e+02 1.268107569005058441e-07
3.508247144239792306e+02 1.348209094785855803e-07
3.590130377007068319e+02 1.433044957934451891e-07
3.673924781802074335e+02 1.522866393338299581e-07
3.759674965785467293e+02 1.617935918551458534e-07
3.847426577258501652e+02 1.718527738872886852e-07
3.937226329963479543e+02 1.824928167059502521e-07
4.029122027951347604e+02 1.937436058817557535e-07
4.123162591029752093e+02 2.056363265294561488e-07
4.219398080805024165e+02 2.182035103866920957e-07
4.317879727332021389e+02 2.314790848584597308e-07
4.418659956385941427e+02 2.454984241691697066e-07
4.521792417370701855e+02 2.602984027690245430e-07
4.627332011878688718e+02 2.759174511451523997e-07
4.735334922917116387e+02 2.923956141905314547e-07
4.845858644816495939e+02 3.097746122850300823e-07
4.958962013837211771e+02 3.280979052429246590e-07
5.074705239490465942e+02 3.474107592798893443e-07
5.193149936590211837e+02 3.677603171497357224e-07
5.314359158053241572e+02 3.891956715971182956e-07
5.438397428464795667e+02 4.117679422669822303e-07
5.565330778427645555e+02 4.355303562048196115e-07
5.695226779712825191e+02 4.605383320738333251e-07
5.828154581230845679e+02 4.868495682060271753e-07
5.964184945842459911e+02 5.145241345940483382e-07
6.103390288028621171e+02 5.436245689194694516e-07
6.245844712439618434e+02 5.742159767012049795e-07
6.391624053343998639e+02 6.063661356350290757e-07
6.540805914998252319e+02 6.401456041817453843e-07
6.693469712958660693e+02 6.756278344476367956e-07
6.849696716357447031e+02 7.128892893864988985e-07
7.009570091165618351e+02 7.520095643378060851e-07
7.173174944465612271e+02 7.930715129006302003e-07
7.340598369757211685e+02 8.361613771277331077e-07
7.511929493320968731e+02 8.813689220090303943e-07
7.687259521663728492e+02 9.287875741982183439e-07
7.866681790071581872e+02 9.785145649210487286e-07
8.050291812295980662e+02 1.030651076988327486e-06
8.238187331399601590e+02 1.085302395821556224e-06
8.430468371788966806e+02 1.142578064383918871e-06
8.627237292461450124e+02 1.202592041894389675e-06
8.828598841495149827e+02 1.265462866188094648e-06
9.034660211810524970e+02 1.331313819571637665e-06
9.245531098233570901e+02 1.400273098008292445e-06
9.461323755890769007e+02 1.472473983454576588e-06
9.682153059967085937e+02 1.548055019157389988e-06
9.908136566858665901e+02 1.627160187709246478e-06
1.013939457675291692e+03 1.709939091649101420e-06
1.037605019766911710e+03 1.796547136387621722e-06
1.061822941099383570e+03 1.887145715229328693e-06
1.086606113854596742e+03 1.981902396260016498e-06
1.111967731120699000e+03 2.080991110866862628e-06
1.137921293915315118e+03 2.184592343661545098e-06
1.164480618372685512e+03 2.292893323583795989e-06
1.191659843098558667e+03 2.406088215975359978e-06
1.219473436696738190e+03 2.524378315432943665e-06
1.247936205471311496e+03 2.647972239274732260e-06
1.277063301308643304e+03 2.777086121489289011e-06
1.306870229743346272e+03 2.911943807079675526e-06
1.337372858212496340e+03 3.052777046770479143e-06
1.368587424502517706e+03 3.199825692113203700e-06
1.400530545393219654e+03 3.353337891107025216e-06
1.433219225503573853e+03 3.513570284549406646e-06
1.466670866343968555e+03 3.680788203446740489e-06
1.500903275579735009e+03 3.855265867949911154e-06
1.535934676510896907e+03 4.037286588436705968e-06
1.571783717773162834e+03 4.227142969543562280e-06
1.608469483265355166e+03 4.425137118156301679e-06
1.646011502308549780e+03 4.631580856604689893e-06
1.684429760042315138e+03 4.846795942571928306e-06
1.723744708063619782e+03 5.071114297529929343e-06
1.763977275314043482e+03 5.304878245846340484e-06
1.805148879221108245e+03 5.548440767083131487e-06
1.847281437099634104e+03 5.802165764420825464e-06
1.890397377819221447e+03 6.066428352600782249e-06
1.934519653744044263e+03 6.341615169281575618e-06
1.979671752951332564e+03 6.628124714258827629e-06
2.025877711735017101e+03 6.926367721601733464e-06
2.073162127401229100e+03 7.236767570419156579e-06
2.121550171362450328e+03 7.559760740684391097e-06
2.171067602537264975e+03 7.895797321325406115e-06
2.221740781062884707e+03 8.245341578630509635e-06
2.273596682327715371e+03 8.608872593931054238e-06
2.326662911331457963e+03 8.986884980509440794e-06
2.380967717380358408e+03 9.379889690747572061e-06
2.436540009125465986e+03 9.788414925686150889e-06
2.493409369951878034e+03 1.021300716041616425e-05
2.551606073727183684e+03 1.065423230008343894e-05
2.611161100917459407e+03 1.111267698276610325e-05
2.672106155079432483e+03 1.158895004710161863e-05
2.734473679737579914e+03 1.208368418431230638e-05
2.798296875655115855e+03 1.259753779623061189e-05
2.863609718508115748e+03 1.313119708308802055e-05
2.930446976972141329e+03 1.368537838723649153e-05
2.998844231231027607e+03 1.426083082166423371e-05
3.068837891917642082e+03 1.481958771408871957e-05
3.140465219496752070e+03 1.531892149718553869e-05
3.213764344100275594e+03 1.612643871967018585e-05
3.288774285825510105e+03 1.660894000223475303e-05
3.365534975507094259e+03 1.732463337985036027e-05
3.444087275973819942e+03 1.799061995209400681e-05
3.524473003801584127e+03 1.870424980943451705e-05
3.606734951574027946e+03 1.940849071229339861e-05
3.690916910662778264e+03 2.018820575703547429e-05
3.777063694539364406e+03 2.101159837517246635e-05
3.865221162631261905e+03 2.183468967753486749e-05
3.955436244734701631e+03 2.272692411744999829e-05
4.047756965997322368e+03 2.342910847929774798e-05
4.142232472483893616e+03 2.447862834583911356e-05
4.238913057338778344e+03 2.542757345003463212e-05
4.337850187558989091e+03 2.620564560451683846e-05
4.439096531392166071e+03 2.735667173229576411e-05
4.542705986374043277e+03 2.822892200755607622e-05
4.648733708020256927e+03 2.924673882703688086e-05
4.757236139187889421e+03 3.043556882984041077e-05
4.868271040122278464e+03 3.151901982793471201e-05
4.981897519205160279e+03 3.288519193176595273e-05
5.098176064420425064e+03 3.411478254502347678e-05
5.217168575554349445e+03 3.537011721875057025e-05
5.338938397147349860e+03 3.652508444337941308e-05
5.463550352214875602e+03 3.785623769944493014e-05
5.591070776755293082e+03 3.936794000414914249e-05
5.721567555063245891e+03 4.070188108393122631e-05
5.855110155867238063e+03 4.212525345250207605e-05
5.991769669310619065e+03 4.384719537622242517e-05
6.131618844795774748e+03 4.536949729400518853e-05
6.274732129711574999e+03 4.695056032760068661e-05
6.421185709064758157e+03 4.842661940508309880e-05
6.571057546036270651e+03 5.005527772903539495e-05
6.724427423484249630e+03 5.189757979619541060e-05
6.881376986415662941e+03 5.388984202626536871e-05
7.041989785449288320e+03 5.593277411342412512e-05
7.206351321293052024e+03 5.764083925893814694e-05
7.374549090259546574e+03 6.000620755061292780e-05
7.546672630843886509e+03 6.185283018371305098e-05
7.722813571388642231e+03 6.440837146543574676e-05
7.903065678861347806e+03 6.681536446754973095e-05
8.087524908770448747e+03 6.889565593503219824e-05
8.276289456246344344e+03 7.147337038641118272e-05
8.469459808314584734e+03 7.409543511756871298e-05
8.667138797389232423e+03 7.646969735208559819e-05
8.869431656014703549e+03 7.885083626993904529e-05
9.076446072885357353e+03 8.176271388487602585e-05
9.288292250172498825e+03 8.459948471223971368e-05
9.505082962189502723e+03 8.755801960702852950e-05
9.726933615426169126e+03 9.064991649529856332e-05
9.953962309984233798e+03 9.416618539031469171e-05
1.018628990244686429e+04 9.653759721860332072e-05
1.042404007021555844e+04 1.008091128136157793e-04
1.066733937734857136e+04 1.046937099113234338e-04
1.091631734193614830e+04 1.080263649118057002e-04
1.117110650504824116e+04 1.126394653406414983e-04
1.143184250129150314e+04 1.158721359911110769e-04
1.169866413101305807e+04 1.194386939632560859e-04
1.197171343418965625e+04 1.236024597360017093e-04
1.225113576604117770e+04 1.280259692570467835e-04
1.253707987440919715e+04 1.324490996368379294e-04
1.282969797894147450e+04 1.366019776771509094e-04
1.312914585212465317e+04 1.419487619782026791e-04
1.343558290220826348e+04 1.433714915627929863e-04
1.374917225806420538e+04 1.530118802902283954e-04
1.407008085602683605e+04 1.627449276389766593e-04
1.439847952876006639e+04 1.631931733732306018e-04
1.473454309619834385e+04 1.659533200474348313e-04
1.507845045861051040e+04 1.695310414642360976e-04
1.543038469183564484e+04 1.707077646067376288e-04
1.579053314474175750e+04 1.745927282555717033e-04
1.615908753895919108e+04 1.765646937741862244e-04
1.653624407094178605e+04 1.767917602315856188e-04
1.692220351641035450e+04 1.775587269316312327e-04
1.731717133723352890e+04 1.683511902049801448e-04
1.772135779080358407e+04 1.534353793232975959e-04
1.813497804196495417e+04 1.395503742126930904e-04
1.855825227755518790e+04 1.210509463273095931e-04
1.899140582361935594e+04 1.083441968278502608e-04
1.943466926536018218e+04 1.086344738793556950e-04
1.988827856988807616e+04 1.294862115352547532e-04
2.035247521183575736e+04 1.494903494811642840e-04
2.082750630190514494e+04 1.832126591370700187e-04
2.131362471841437582e+04 2.190222409179274038e-04
2.181108924191520055e+04 2.346739766553772798e-04
2.232016469295234492e+04 2.672851390487348470e-04
2.284112207303825562e+04 2.637050256202993223e-04
2.337423870891812476e+04 2.945540844404166128e-04
2.391979840020237316e+04 2.923718117585500102e-04
2.447809157044440144e+04 2.922014862695701456e-04
2.504941542174502320e+04 2.818118559925191923e-04
2.563407409296515107e+04 3.211968703684225089e-04
2.623237882163123504e+04 3.488101184893159772e-04
2.684464810961965122e+04 3.420801343585743739e-04
2.747120789270808746e+04 3.503889604315623850e-04
2.811239171408461334e+04 3.643753325325870852e-04
2.876854090190591523e+04 3.703168471902317416e-04
2.944000475100033873e+04 3.861176206819772264e-04
3.012714070881164298e+04 3.902737962007113274e-04
3.083031456568276917e+04 3.939135577481214724e-04
3.154990064958088624e+04 4.046379543833583756e-04
3.228628202536726894e+04 4.276620752265430795e-04
3.303985069871854648e+04 3.898430788415654523e-04
3.381100782480681664e+04 3.961313415552771499e-04
3.460016392185108998e+04 4.191900517452538640e-04
3.540773908965269948e+04 4.275516419290431515e-04
3.623416323323149845e+04 4.141055565547972642e-04
3.707987629168172134e+04 4.080658405275752114e-04
3.794532847236942325e+04 4.111015313616151693e-04
3.883098049059601180e+04 4.167293318630899742e-04
3.973730381485604448e+04 4.313476720706587841e-04
4.066478091781854164e+04 4.063169856587983317e-04
4.161390553316706792e+04 3.975523149506840948e-04
4.258518291843414772e+04 3.815279838030603875e-04
4.357913012397029524e+04 3.899386642210180237e-04
4.459627626819095894e+04 3.847956837032128646e-04
4.563716281924754003e+04 3.559856647789623615e-04
4.670234388327330817e+04 3.831211929704382872e-04
4.779238649935594731e+04 3.524802856888617953e-04
4.890787094139590045e+04 3.463877035945393769e-04
5.004939102700953663e+04 3.625232986315695717e-04
5.121755443364241364e+04 3.847240927182405540e-04
5.241298302206061635e+04 3.461651703795183316e-04
5.363631316739234171e+04 3.053974641832205646e-04
5.488819609789665992e+04 3.044933510070992272e-04
5.616929824163804005e+04 3.577600711757737608e-04
5.748030158125350863e+04 5.378759487864682781e-04
5.882190401699955692e+04 4.125999422640795719e-04
6.019481973827274487e+04 3.754978722156015287e-04
6.159977960380168952e+04 3.421199307969897182e-04
6.303753153071281849e+04 3.633751801454136515e-04
6.450884089267686068e+04 3.415565953452272935e-04
6.601449092734883016e+04 3.321763594416473979e-04
6.755528315331639897e+04 3.633487587785556036e-04
6.913203779678128194e+04 3.433731902465457378e-04
7.074559422819878091e+04 3.616436364597574895e-04
7.239681140910876275e+04 3.476594800227470286e-04
7.408656834939567489e+04 3.660843027835072785e-04
7.581576457522102282e+04 3.456712203516272759e-04
7.758532060787828232e+04 3.441461762821980755e-04
7.939617845382275118e+04 3.654016748530347896e-04
8.124930210614047246e+04 3.336731681227001031e-04
8.314567805772063730e+04 3.206284163048680677e-04
8.508631582640581473e+04 3.279129991355880943e-04
8.707224849239921605e+04 3.639281341695208873e-04
8.910453324821504066e+04 3.367256657848444234e-04
9.118425196146561939e+04 3.325952424226485070e-04
9.331251175078240340e+04 3.825920888575781004e-04
9.549044557518078364e+04 3.358748099228916150e-04
9.771921283717996266e+04 3.244117775738119603e-04
1.000000000000000000e+05 2.997228963045283604e-04
